00010111 00010100 00000000 00000000 00010011 00000100
00000100 00000000 00010111 10010001 00000000 00000000
00010011 00000001 10000001 11111111 11101111 00000000
01000000 00101000 00010011 00000001 00000001 11111110
00100011 00111100 00010001 00000000 00100011 00111000
10000001 00000000 00010011 00000100 00000001 00000010
10010011 00000111 00000101 00000000 10100011 00000111
11110100 11111110 10000011 01000111 11110100 11111110
10010011 11000111 00010111 00000000 10010011 11110111
11110111 00001111 01100011 10000110 00000111 00000000
00010011 00000101 00010000 00000000 11101111 00000000
00000000 00100011 00010011 00000000 00000000 00000000
10000011 00110000 10000001 00000001 00000011 00110100
00000001 00000001 00010011 00000001 00000001 00000010
01100111 10000000 00000000 00000000 00010011 00000001
00000001 11111101 00100011 00110100 10000001 00000010
00010011 00000100 00000001 00000011 10010011 00000111
00000101 00000000 10010011 10000110 00000101 00000000
00010011 00000111 00000110 00000000 00100011 00101110
11110100 11111100 10010011 10000111 00000110 00000000
00100011 00101100 11110100 11111100 10010011 00000111
00000111 00000000 00100011 00101010 11110100 11111100
10000011 00100111 11000100 11111101 00010011 10000111
00000111 00000000 10000011 00100111 10000100 11111101
00011011 00000111 00000111 00000000 10011011 10000111
00000111 00000000 01100011 01011000 11110111 00000000
10000011 00100111 11000100 11111101 00100011 00100110
11110100 11111110 01101111 00000000 11000000 00000000
10000011 00100111 10000100 11111101 00100011 00100110
11110100 11111110 10000011 00100111 01000100 11111101
00010011 10000111 00000111 00000000 10000011 00100111
11000100 11111110 00011011 00000111 00000111 00000000
10011011 10000111 00000111 00000000 01100011 01010110
11110111 00000000 10000011 00100111 01000100 11111101
00100011 00100110 11110100 11111110 10000011 00100111
11000100 11111110 00010011 10000101 00000111 00000000
00000011 00110100 10000001 00000010 00010011 00000001
00000001 00000011 01100111 10000000 00000000 00000000
00010011 00000001 00000001 11111110 00100011 00111100
00010001 00000000 00100011 00111000 10000001 00000000
00010011 00000100 00000001 00000010 00100011 00100000
00000100 11111110 00100011 00100110 00000100 11111110
01101111 00000000 11000000 00010010 00100011 00100100
00000100 11111110 01101111 00000000 10000000 00001110
00100011 00100010 00000100 11111110 01101111 00000000
01000000 00001010 00010111 00000111 00000000 00000000
00010011 00000111 00000111 00011100 10000011 00100111
11000100 11111110 10010011 10010111 00100111 00000000
10110011 00000111 11110111 00000000 10000011 10100110
00000111 00000000 00010111 00000111 00000000 00000000
00010011 00000111 10000111 00011010 10000011 00100111
10000100 11111110 10010011 10010111 00100111 00000000
10110011 00000111 11110111 00000000 10000011 10100101
00000111 00000000 00010111 00000111 00000000 00000000
00010011 00000111 00000111 00011001 10000011 00100111
01000100 11111110 10010011 10010111 00100111 00000000
10110011 00000111 11110111 00000000 10000011 10100111
00000111 00000000 00010011 10000110 00000111 00000000
00010011 10000101 00000110 00000000 11101111 11110000
10011111 11101111 10010011 00000111 00000101 00000000
10010011 10000110 00000111 00000000 10000011 00100111
00000100 11111110 00011011 10000111 00010111 00000000
00100011 00100000 11100100 11111110 00010111 00000111
00000000 00000000 00010011 00000111 10000111 00010110
10010011 10010111 00100111 00000000 10110011 00000111
11110111 00000000 10000011 10100111 00000111 00000000
00010011 10000111 00000110 00000000 10110011 00000111
11110111 01000000 10010011 10110111 00010111 00000000
10010011 11110111 11110111 00001111 00010011 10000101
00000111 00000000 11101111 11110000 01011111 11100111
10000011 00100111 01000100 11111110 10011011 10000111
00010111 00000000 00100011 00100010 11110100 11111110
10000011 00100111 01000100 11111110 00010011 10000111
00000111 00000000 10010011 00000111 00110000 00000000
11100011 11111010 11100111 11110100 10000011 00100111
01000100 11111110 00011011 10000111 00000111 00000000
10010011 00000111 01000000 00000000 10110011 00000111
11110111 01000000 10010011 10110111 00010111 00000000
10010011 11110111 11110111 00001111 00010011 10000101
00000111 00000000 11101111 11110000 10011111 11100011
10000011 00100111 10000100 11111110 10011011 10000111
00010111 00000000 00100011 00100100 11110100 11111110
10000011 00100111 10000100 11111110 00010011 10000111
00000111 00000000 10010011 00000111 00110000 00000000
11100011 11111000 11100111 11110000 10000011 00100111
10000100 11111110 00011011 10000111 00000111 00000000
10010011 00000111 01000000 00000000 10110011 00000111
11110111 01000000 10010011 10110111 00010111 00000000
10010011 11110111 11110111 00001111 00010011 10000101
00000111 00000000 11101111 11110000 11011111 11011111
10000011 00100111 11000100 11111110 10011011 10000111
00010111 00000000 00100011 00100110 11110100 11111110
10000011 00100111 11000100 11111110 00010011 10000111
00000111 00000000 10010011 00000111 00110000 00000000
11100011 11110110 11100111 11101100 10000011 00100111
11000100 11111110 00011011 10000111 00000111 00000000
10010011 00000111 01000000 00000000 10110011 00000111
11110111 01000000 10010011 10110111 00010111 00000000
10010011 11110111 11110111 00001111 00010011 10000101
00000111 00000000 11101111 11110000 00011111 11011100
10010011 00000111 00000000 00000000 00010011 10000101
00000111 00000000 10000011 00110000 10000001 00000001
00000011 00110100 00000001 00000001 00010011 00000001
00000001 00000010 01100111 10000000 00000000 00000000
00010011 00000001 00000001 11111110 00100011 00111100
10000001 00000000 00010011 00000100 00000001 00000010
10010011 00000111 00000101 00000000 00100011 00100110
11110100 11111110 10000011 00100111 11000100 11111110
00010011 10000101 00000111 00000000 01110011 00000000
00010000 00000000 01101111 00000000 00000000 00000000
00010011 00000001 00000001 11111110 00100011 00111100
00010001 00000000 00100011 00111000 10000001 00000000
00010011 00000100 00000001 00000010 00010111 00000101
00000000 00000000 00010011 00000101 01000101 00000010
11101111 11110000 10011111 11100011 10010011 00000111
00000101 00000000 00100011 00100110 11110100 11111110
10000011 00100111 11000100 11111110 00010011 10000101
00000111 00000000 11101111 11110000 00011111 11111011
00000000 00000000 00000000 00000000 00000000 00000000
00000000 00000000 00000000 00000000 00000000 00000000
00000000 00000000 00000000 00000000 11111111 11111111
11111111 01111111 00000000 00000000 00000000 10000000
11111111 11111111 11111111 11111111 00000000 00000000
00000000 00000000 00000000 00000000 00000000 00000000
00000000 00000000 00000000 10000000 11111111 11111111
11111111 11111111 00000000 00000000 00000000 00000000
00000000 00000000 00000000 00000000 00000000 00000000
00000000 10000000 11111111 11111111 11111111 11111111
00000000 00000000 00000000 10000000 00000000 00000000
00000000 10000000 00000000 00000000 00000000 10000000
00000000 00000000 00000000 10000000 11111111 11111111
11111111 11111111 11111111 11111111 11111111 11111111
00000000 00000000 00000000 10000000 11111111 11111111
11111111 11111111 00000000 00000000 00000000 00000000
00000000 00000000 00000000 00000000 00000000 00000000
00000000 10000000 11111111 11111111 11111111 11111111
00000000 00000000 00000000 00000000 11111111 11111111
11111111 01111111 00000000 00000000 00000000 10000000
11111111 11111111 11111111 11111111 00000000 00000000
00000000 10000000 00000000 00000000 00000000 10000000
00000000 00000000 00000000 10000000 00000000 00000000
00000000 10000000 11111111 11111111 11111111 11111111
11111111 11111111 11111111 11111111 00000000 00000000
00000000 10000000 11111111 11111111 11111111 11111111
00000000 00000000 00000000 10000000 00000000 00000000
00000000 10000000 00000000 00000000 00000000 10000000
00000000 00000000 00000000 10000000 00000000 00000000
00000000 10000000 00000000 00000000 00000000 10000000
00000000 00000000 00000000 10000000 00000000 00000000
00000000 10000000 00000000 00000000 00000000 10000000
00000000 00000000 00000000 10000000 00000000 00000000
00000000 10000000 00000000 00000000 00000000 10000000
00000000 00000000 00000000 10000000 00000000 00000000
00000000 10000000 00000000 00000000 00000000 10000000
00000000 00000000 00000000 10000000 11111111 11111111
11111111 11111111 11111111 11111111 11111111 11111111
00000000 00000000 00000000 10000000 11111111 11111111
11111111 11111111 11111111 11111111 11111111 11111111
11111111 11111111 11111111 11111111 00000000 00000000
00000000 10000000 11111111 11111111 11111111 11111111
00000000 00000000 00000000 10000000 00000000 00000000
00000000 10000000 00000000 00000000 00000000 10000000
00000000 00000000 00000000 10000000 11111111 11111111
11111111 11111111 11111111 11111111 11111111 11111111
00000000 00000000 00000000 10000000 11111111 11111111
11111111 11111111
