00010111 00010100 00000000 00000000 00010011 00000100
00000100 00000000 00010111 10010001 00000000 00000000
00010011 00000001 10000001 11111111 11101111 00000000
11000000 00011101 00010011 00000001 00000001 11111110
00100011 00111100 00010001 00000000 00100011 00111000
10000001 00000000 00010011 00000100 00000001 00000010
10010011 00000111 00000101 00000000 10100011 00000111
11110100 11111110 10000011 01000111 11110100 11111110
10010011 11000111 00010111 00000000 10010011 11110111
11110111 00001111 01100011 10000110 00000111 00000000
00010011 00000101 00010000 00000000 11101111 00000000
10000000 00011000 00010011 00000000 00000000 00000000
10000011 00110000 10000001 00000001 00000011 00110100
00000001 00000001 00010011 00000001 00000001 00000010
01100111 10000000 00000000 00000000 00010011 00000001
00000001 11111101 00100011 00110100 10000001 00000010
00010011 00000100 00000001 00000011 00100011 00111100
10100100 11111100 00100011 00111000 10110100 11111100
00000011 00110111 10000100 11111101 10000011 00110111
00000100 11111101 10110011 00000111 11110111 00000010
00100011 00110100 11110100 11111110 10000011 00110111
10000100 11111110 00010011 10000101 00000111 00000000
00000011 00110100 10000001 00000010 00010011 00000001
00000001 00000011 01100111 10000000 00000000 00000000
00010011 00000001 00000001 11111101 00100011 00110100
00010001 00000010 00100011 00110000 10000001 00000010
00100011 00111100 10010001 00000000 00010011 00000100
00000001 00000011 00100011 00101010 00000100 11111100
00100011 00101110 00000100 11111100 01101111 00000000
00000000 00001101 10000011 00100111 11000100 11111101
00100011 00101100 11110100 11111100 01101111 00000000
10000000 00001000 10000011 00100111 01000100 11111101
00011011 10000111 00010111 00000000 00100011 00101010
11100100 11111100 00010111 00000111 00000000 00000000
00010011 00000111 00000111 00010111 10010011 10010111
00110111 00000000 10110011 00000111 11110111 00000000
10000011 10110100 00000111 00000000 00010111 00000111
00000000 00000000 00010011 00000111 11000111 00010100
10000011 00100111 11000100 11111101 10010011 10010111
00100111 00000000 10110011 00000111 11110111 00000000
10000011 10100111 00000111 00000000 10010011 10000110
00000111 00000000 00010111 00000111 00000000 00000000
00010011 00000111 00000111 00010011 10000011 00100111
10000100 11111101 10010011 10010111 00100111 00000000
10110011 00000111 11110111 00000000 10000011 10100111
00000111 00000000 10010011 10000101 00000111 00000000
00010011 10000101 00000110 00000000 11101111 11110000
00011111 11110100 10010011 00000111 00000101 00000000
10110011 10000111 11110100 01000000 10010011 10110111
00010111 00000000 10010011 11110111 11110111 00001111
00010011 10000101 00000111 00000000 11101111 11110000
01011111 11101110 10000011 00100111 10000100 11111101
10011011 10000111 00010111 00000000 00100011 00101100
11110100 11111100 10000011 00100111 10000100 11111101
00010011 10000111 00000111 00000000 10010011 00000111
00110000 00000000 11100011 11111000 11100111 11110110
10000011 00100111 10000100 11111101 00011011 10000111
00000111 00000000 10010011 00000111 01000000 00000000
10110011 00000111 11110111 01000000 10010011 10110111
00010111 00000000 10010011 11110111 11110111 00001111
00010011 10000101 00000111 00000000 11101111 11110000
10011111 11101010 10000011 00100111 11000100 11111101
10011011 10000111 00010111 00000000 00100011 00101110
11110100 11111100 10000011 00100111 11000100 11111101
00010011 10000111 00000111 00000000 10010011 00000111
00110000 00000000 11100011 11110100 11100111 11110010
10000011 00100111 11000100 11111101 00011011 10000111
00000111 00000000 10010011 00000111 01000000 00000000
10110011 00000111 11110111 01000000 10010011 10110111
00010111 00000000 10010011 11110111 11110111 00001111
00010011 10000101 00000111 00000000 11101111 11110000
11011111 11100110 10010011 00000111 00000000 00000000
00010011 10000101 00000111 00000000 10000011 00110000
10000001 00000010 00000011 00110100 00000001 00000010
10000011 00110100 10000001 00000001 00010011 00000001
00000001 00000011 01100111 10000000 00000000 00000000
00010011 00000001 00000001 11111110 00100011 00111100
10000001 00000000 00010011 00000100 00000001 00000010
10010011 00000111 00000101 00000000 00100011 00100110
11110100 11111110 10000011 00100111 11000100 11111110
00010011 10000101 00000111 00000000 01110011 00000000
00010000 00000000 01101111 00000000 00000000 00000000
00010011 00000001 00000001 11111110 00100011 00111100
00010001 00000000 00100011 00111000 10000001 00000000
00010011 00000100 00000001 00000010 00010111 00000101
00000000 00000000 00010011 00000101 01000101 00000010
11101111 11110000 11011111 11101000 10010011 00000111
00000101 00000000 00100011 00100110 11110100 11111110
10000011 00100111 11000100 11111110 00010011 10000101
00000111 00000000 11101111 11110000 00011111 11111011
00000000 00000000 00000000 00000000 00000000 00000000
00000000 00000000 00000000 00000000 00000000 00000000
10101010 11000010 10110001 10101110 00101011 11111111
00000000 01000101 10101111 10010000 01110001 10000111
00111000 00100100 11110100 00010001 11100100 00011000
00011010 11011011 10111001 10011010 11010010 00011001
10001110 00001000 11000011 00111010 01101101 10011000
00010101 11101010 00110110 10110010 00001101 11111100
10000000 11101001 01001001 00100110 00110000 01111101
01001010 00001010 11011010 01000011 01001100 11111010
00111001 10110001 01010110 00101100 10001110 10001001
10011001 00010010 01100101 10011110 00110001 00001010
11010101 00100011 10000001 11011111 01101000 11011101
00010101 01001100 10101000 11011111 11010110 00000100
10100001 01010111 01000011 10011110 10011011 11010111
11000101 00111000 01001000 01000010 11111100 00011110
11001011 10010001 10001011 11110111 01000000 11001100
11011111 01111111 10100100 01010101 01000010 00000001
