00010111 00010100 00000000 00000000 00010011 00000100
00000100 00000000 00010111 10010001 00000000 00000000
00010011 00000001 10000001 11111111 11101111 00000000
11000000 00100110 00010011 00000001 00000001 11111110
00100011 00111100 00010001 00000000 00100011 00111000
10000001 00000000 00010011 00000100 00000001 00000010
10010011 00000111 00000101 00000000 10100011 00000111
11110100 11111110 10000011 01000111 11110100 11111110
10010011 11000111 00010111 00000000 10010011 11110111
11110111 00001111 01100011 10000110 00000111 00000000
00010011 00000101 00010000 00000000 11101111 00000000
10000000 00100001 00010011 00000000 00000000 00000000
10000011 00110000 10000001 00000001 00000011 00110100
00000001 00000001 00010011 00000001 00000001 00000010
01100111 10000000 00000000 00000000 00010011 00000001
00000001 11111111 00100011 00110100 00010001 00000000
00100011 00110000 10000001 00000000 00010011 00000100
00000001 00000001 10010111 00000111 00000000 00000000
10010011 10000111 10000111 01100110 00000011 10110111
00000111 00000000 10010111 00000111 00000000 00000000
10010011 10000111 11000111 01100101 10000011 10110111
00000111 00000001 10010011 10000101 00000111 00000000
00010011 00000101 00000111 00000000 11101111 00000000
10000000 00111100 10010011 00000111 00000101 00000000
10010011 10110111 00010111 00000000 10010011 11110111
11110111 00001111 00010011 10000101 00000111 00000000
11101111 11110000 10011111 11110111 10010111 00000111
00000000 00000000 10010011 10000111 00000111 01100011
00000011 10110111 00000111 00000000 10010111 00000111
00000000 00000000 10010011 10000111 01000111 01100010
10000011 10110111 10000111 00000000 10010011 10000101
00000111 00000000 00010011 00000101 00000111 00000000
11101111 00000000 00000000 00111001 10010011 00000111
00000101 00000000 10011011 11010111 11110111 00000001
10010011 11110111 11110111 00001111 00010011 10000101
00000111 00000000 11101111 11110000 00011111 11110100
10010111 00000111 00000000 00000000 10010011 10000111
10000111 01011111 10000011 10110111 00000111 00000000
00010011 10000111 00010111 00000000 10010111 00000111
00000000 00000000 10010011 10000111 10000111 01011110
10000011 10110111 10000111 00000000 10010011 10000111
00010111 00000000 10010011 10000101 00000111 00000000
00010011 00000101 00000111 00000000 11101111 00000000
00000000 00110101 10010011 00000111 00000101 00000000
10011011 11010111 11110111 00000001 10010011 11110111
11110111 00001111 00010011 10000101 00000111 00000000
11101111 11110000 00011111 11110000 10010111 00000111
00000000 00000000 10010011 10000111 10000111 01011011
10000011 10110111 00000111 00000000 00010011 10000111
00100111 00000000 10010111 00000111 00000000 00000000
10010011 10000111 10000111 01011010 10000011 10110111
10000111 00000000 10010011 10000111 00100111 00000000
10010011 10000101 00000111 00000000 00010011 00000101
00000111 00000000 11101111 00000000 00000000 00110001
10010011 00000111 00000101 00000000 10011011 11010111
11110111 00000001 10010011 11110111 11110111 00001111
00010011 10000101 00000111 00000000 11101111 11110000
00011111 11101100 10010111 00000111 00000000 00000000
10010011 10000111 10000111 01010111 10000011 10110111
00000111 00000000 00010011 10000111 00110111 00000000
10010111 00000111 00000000 00000000 10010011 10000111
10000111 01010110 10000011 10110111 10000111 00000000
10010011 10000111 00110111 00000000 10010011 10000101
00000111 00000000 00010011 00000101 00000111 00000000
11101111 00000000 00000000 00101101 10010011 00000111
00000101 00000000 10011011 11010111 11110111 00000001
10010011 11110111 11110111 00001111 00010011 10000101
00000111 00000000 11101111 11110000 00011111 11101000
10010111 00000101 00000000 00000000 10010011 10000101
10000101 01010110 00010111 00000101 00000000 00000000
00010011 00000101 10000101 01010110 11101111 00000000
00000000 00010101 00010011 00000111 00000101 00000000
10010111 00000111 00000000 00000000 10010011 10000111
00000111 01010010 10000011 10110111 10000111 00000001
10010011 10000101 00000111 00000000 00010011 00000101
00000111 00000000 11101111 00000000 11000000 00011100
00010011 00000111 00000101 00000000 10010111 00000111
00000000 00000000 10010011 10000111 01000111 01010000
10000011 10110111 00000111 00000010 10010011 10000101
00000111 00000000 00010011 00000101 00000111 00000000
11101111 00000000 00000000 00100111 10010011 00000111
00000101 00000000 10010011 10110111 00010111 00000000
10010011 11110111 11110111 00001111 00010011 10000101
00000111 00000000 11101111 11110000 00011111 11100010
00010011 00000110 01010000 00000000 10010011 00000101
00110000 00000010 00010111 00000101 00000000 00000000
00010011 00000101 10000101 01010000 11101111 00000000
00000000 00110010 00010011 00000111 00000101 00000000
10010111 00000111 00000000 00000000 10010011 10000111
00000111 01001100 10000011 10110111 10000111 00000010
00010011 00000110 01010000 00000000 10010011 10000101
00000111 00000000 00010011 00000101 00000111 00000000
11101111 00000000 10000000 00110111 10010011 00000111
00000101 00000000 10010011 10110111 00010111 00000000
10010011 11110111 11110111 00001111 00010011 10000101
00000111 00000000 11101111 11110000 10011111 11011101
10010011 00000111 00000000 00000000 00010011 10000101
00000111 00000000 10000011 00110000 10000001 00000000
00000011 00110100 00000001 00000000 00010011 00000001
00000001 00000001 01100111 10000000 00000000 00000000
00010011 00000001 00000001 11111110 00100011 00111100
10000001 00000000 00010011 00000100 00000001 00000010
10010011 00000111 00000101 00000000 00100011 00100110
11110100 11111110 10000011 00100111 11000100 11111110
00010011 10000101 00000111 00000000 01110011 00000000
00010000 00000000 01101111 00000000 00000000 00000000
00010011 00000001 00000001 11111110 00100011 00111100
00010001 00000000 00100011 00111000 10000001 00000000
00010011 00000100 00000001 00000010 00010111 00000101
00000000 00000000 00010011 00000101 11000101 01000011
11101111 11110000 01011111 11011100 10010011 00000111
00000101 00000000 00100011 00100110 11110100 11111110
10000011 00100111 11000100 11111110 00010011 10000101
00000111 00000000 11101111 11110000 00011111 11111011
00010011 00000001 00000001 11111101 00100011 00110100
10000001 00000010 00010011 00000100 00000001 00000011
00100011 00111100 10100100 11111100 00100011 00110100
00000100 11111110 01101111 00000000 00000000 00000001
10000011 00110111 10000100 11111110 10010011 10000111
00010111 00000000 00100011 00110100 11110100 11111110
00000011 00110111 10000100 11111101 10000011 00110111
10000100 11111110 10110011 00000111 11110111 00000000
10000011 11000111 00000111 00000000 11100011 10010010
00000111 11111110 10000011 00110111 10000100 11111110
00010011 10000101 00000111 00000000 00000011 00110100
10000001 00000010 00010011 00000001 00000001 00000011
01100111 10000000 00000000 00000000 00010011 00000001
00000001 11111101 00100011 00110100 10000001 00000010
00010011 00000100 00000001 00000011 00100011 00111100
10100100 11111100 00100011 00111000 10110100 11111100
10000011 00110111 10000100 11111101 01100011 10000110
00000111 00000000 10000011 00110111 00000100 11111101
01100011 10010110 00000111 00000000 10010011 00000111
00000000 00000000 01101111 00000000 00000000 00000110
00100011 00110100 00000100 11111110 01101111 00000000
00000000 00000011 00000011 00110111 00000100 11111101
10000011 00110111 10000100 11111110 00110011 00000111
11110111 00000000 10000011 00110110 10000100 11111101
10000011 00110111 10000100 11111110 10110011 10000111
11110110 00000000 00000011 01000111 00000111 00000000
00100011 10000000 11100111 00000000 10000011 00110111
10000100 11111110 10010011 10000111 00010111 00000000
00100011 00110100 11110100 11111110 00000011 00110111
00000100 11111101 10000011 00110111 10000100 11111110
10110011 00000111 11110111 00000000 10000011 11000111
00000111 00000000 11100011 10010010 00000111 11111100
00000011 00110111 10000100 11111101 10000011 00110111
10000100 11111110 10110011 00000111 11110111 00000000
00100011 10000000 00000111 00000000 10000011 00110111
10000100 11111101 00010011 10000101 00000111 00000000
00000011 00110100 10000001 00000010 00010011 00000001
00000001 00000011 01100111 10000000 00000000 00000000
00010011 00000001 00000001 11111100 00100011 00111100
00010001 00000010 00100011 00111000 10000001 00000010
00010011 00000100 00000001 00000100 00100011 00110100
10100100 11111100 00100011 00110000 10110100 11111100
10000011 00110111 10000100 11111100 01100011 10000110
00000111 00000000 10000011 00110111 00000100 11111100
01100011 10010110 00000111 00000000 10010011 00000111
00000000 00000000 01101111 00000000 00000000 00001000
00000011 00110101 10000100 11111100 11101111 11110000
10011111 11101110 00100011 00110000 10100100 11111110
00000011 00110101 00000100 11111100 11101111 11110000
11011111 11101101 00100011 00111100 10100100 11111100
00100011 00110100 00000100 11111110 01101111 00000000
10000000 00000011 00000011 00110111 00000100 11111100
10000011 00110111 10000100 11111110 00110011 00000111
11110111 00000000 10000011 00110110 00000100 11111110
10000011 00110111 10000100 11111110 10110011 10000111
11110110 00000000 10000011 00110110 10000100 11111100
10110011 10000111 11110110 00000000 00000011 01000111
00000111 00000000 00100011 10000000 11100111 00000000
10000011 00110111 10000100 11111110 10010011 10000111
00010111 00000000 00100011 00110100 11110100 11111110
00000011 00110111 10000100 11111110 10000011 00110111
10000100 11111101 11100011 01100010 11110111 11111100
00000011 00110111 00000100 11111110 10000011 00110111
10000100 11111101 10110011 00000111 11110111 00000000
00000011 00110111 10000100 11111100 10110011 00000111
11110111 00000000 00100011 10000000 00000111 00000000
10000011 00110111 10000100 11111100 00010011 10000101
00000111 00000000 10000011 00110000 10000001 00000011
00000011 00110100 00000001 00000011 00010011 00000001
00000001 00000100 01100111 10000000 00000000 00000000
00010011 00000001 00000001 11111101 00100011 00110100
10000001 00000010 00010011 00000100 00000001 00000011
00100011 00111100 10100100 11111100 00100011 00111000
10110100 11111100 00100011 00110100 00000100 11111110
10000011 00110111 10000100 11111101 01100011 10000110
00000111 00000000 10000011 00110111 00000100 11111101
01100011 10011100 00000111 00000110 10010011 00000111
00000000 00000000 01101111 00000000 11000000 00001001
00000011 00110111 10000100 11111101 10000011 00110111
10000100 11111110 10110011 00000111 11110111 00000000
10000011 11000110 00000111 00000000 00000011 00110111
00000100 11111101 10000011 00110111 10000100 11111110
10110011 00000111 11110111 00000000 10000011 11000111
00000111 00000000 00010011 10000111 00000110 00000000
01100011 01110110 11110111 00000000 10010011 00000111
11110000 11111111 01101111 00000000 11000000 00000110
00000011 00110111 10000100 11111101 10000011 00110111
10000100 11111110 10110011 00000111 11110111 00000000
10000011 11000110 00000111 00000000 00000011 00110111
00000100 11111101 10000011 00110111 10000100 11111110
10110011 00000111 11110111 00000000 10000011 11000111
00000111 00000000 00010011 10000111 00000110 00000000
01100011 11110110 11100111 00000000 10010011 00000111
00010000 00000000 01101111 00000000 11000000 00000011
10000011 00110111 10000100 11111110 10010011 10000111
00010111 00000000 00100011 00110100 11110100 11111110
00000011 00110111 10000100 11111101 10000011 00110111
10000100 11111110 10110011 00000111 11110111 00000000
10000011 11000111 00000111 00000000 01100011 10001100
00000111 00000000 00000011 00110111 00000100 11111101
10000011 00110111 10000100 11111110 10110011 00000111
11110111 00000000 10000011 11000111 00000111 00000000
11100011 10011000 00000111 11110110 10010011 00000111
00000000 00000000 00010011 10000101 00000111 00000000
00000011 00110100 10000001 00000010 00010011 00000001
00000001 00000011 01100111 10000000 00000000 00000000
00010011 00000001 00000001 11111100 00100011 00111100
10000001 00000010 00010011 00000100 00000001 00000100
00100011 00111100 10100100 11111100 10010011 10000111
00000101 00000000 00100011 00110100 11000100 11111100
00100011 00101010 11110100 11111100 10000011 00110111
10000100 11111100 01100011 10010110 00000111 00000000
10010011 00000111 00000000 00000000 01101111 00000000
00000000 00000100 00100011 00110100 00000100 11111110
01101111 00000000 10000000 00000010 00000011 00110111
10000100 11111101 10000011 00110111 10000100 11111110
10110011 00000111 11110111 00000000 00000011 00100111
01000100 11111101 00010011 01110111 11110111 00001111
00100011 10000000 11100111 00000000 10000011 00110111
10000100 11111110 10010011 10000111 00010111 00000000
00100011 00110100 11110100 11111110 00000011 00110111
10000100 11111110 10000011 00110111 10000100 11111100
11100011 01101010 11110111 11111100 10000011 00110111
10000100 11111101 00010011 10000101 00000111 00000000
00000011 00110100 10000001 00000011 00010011 00000001
00000001 00000100 01100111 10000000 00000000 00000000
00010011 00000001 00000001 11111100 00100011 00111100
10000001 00000010 00010011 00000100 00000001 00000100
00100011 00111100 10100100 11111100 00100011 00111000
10110100 11111100 00100011 00110100 11000100 11111100
00100011 00110100 00000100 11111110 01101111 00000000
00000000 00000111 00000011 00110111 10000100 11111101
10000011 00110111 10000100 11111110 10110011 00000111
11110111 00000000 10000011 11000110 00000111 00000000
00000011 00110111 00000100 11111101 10000011 00110111
10000100 11111110 10110011 00000111 11110111 00000000
10000011 11000111 00000111 00000000 00010011 10000111
00000110 00000000 01100011 01110110 11110111 00000000
10010011 00000111 11110000 11111111 01101111 00000000
00000000 00000101 00000011 00110111 10000100 11111101
10000011 00110111 10000100 11111110 10110011 00000111
11110111 00000000 10000011 11000110 00000111 00000000
00000011 00110111 00000100 11111101 10000011 00110111
10000100 11111110 10110011 00000111 11110111 00000000
10000011 11000111 00000111 00000000 00010011 10000111
00000110 00000000 01100011 11110110 11100111 00000000
10010011 00000111 00010000 00000000 01101111 00000000
00000000 00000010 10000011 00110111 10000100 11111110
10010011 10000111 00010111 00000000 00100011 00110100
11110100 11111110 00000011 00110111 10000100 11111110
10000011 00110111 10000100 11111100 11100011 01100110
11110111 11111000 10010011 00000111 00000000 00000000
00010011 10000101 00000111 00000000 00000011 00110100
10000001 00000011 00010011 00000001 00000001 00000100
01100111 10000000 00000000 00000000 00000000 00000000
00000000 00000000 01100001 01100001 01100001 01100001
01100001 01100001 01100001 01100001 01100001 01100001
01100001 01100001 01100001 01100001 01100001 01100001
01100001 01100001 01100001 01100001 01100001 01100001
01100001 01100001 01100001 01100001 01100001 01100001
01100001 01100001 01100001 01100001 01100001 01100001
01100001 01100001 01100001 01100001 00000000 00000000
01100001 01100001 01100001 01100001 01100001 01100001
01100001 01100001 01100001 01100001 01100001 01100001
01100001 01100001 01100001 01100001 01100001 01100001
01100001 01100001 01100001 01100001 01100001 01100001
01100001 01100001 01100001 01100001 01100001 01100001
01100001 01100001 01100001 01100001 01100001 01100001
01100001 01100010 00000000 00000000 00101100 00100000
01010111 01101111 01110010 01101100 01100100 00100001
00001010 00000000 00000000 00000000 00000000 00000000
00000000 00000000 01001000 01100101 01101100 01101100
01101111 00101100 00100000 01010111 01101111 01110010
01101100 01100100 00100001 00001010 00000000 00000000
00100011 00100011 00100011 00100011 00100011 00000000
00000000 00000000 00000000 00000000 00000000 00000000
00000000 00000000 00000000 00000000 01010000 00000110
00000000 10000000 00000000 00000000 00000000 00000000
01111000 00000110 00000000 10000000 00000000 00000000
00000000 00000000 01010000 00000110 00000000 10000000
00000000 00000000 00000000 00000000 10100000 00000110
00000000 10000000 00000000 00000000 00000000 00000000
10110000 00000110 00000000 10000000 00000000 00000000
00000000 00000000 11000000 00000110 00000000 10000000
00000000 00000000 00000000 00000000 01001000 01100101
01101100 01101100 01101111 00000000
