00010111 00010100 00000000 00000000 00010011 00000100
00000100 00000000 00010111 10010001 00000000 00000000
00010011 00000001 10000001 11111111 11101111 00000000
10000000 00011101 00010011 00000001 00000001 11111110
00100011 00111100 00010001 00000000 00100011 00111000
10000001 00000000 00010011 00000100 00000001 00000010
10010011 00000111 00000101 00000000 10100011 00000111
11110100 11111110 10000011 01000111 11110100 11111110
10010011 11000111 00010111 00000000 10010011 11110111
11110111 00001111 01100011 10000110 00000111 00000000
00010011 00000101 00010000 00000000 11101111 00000000
01000000 00011000 00010011 00000000 00000000 00000000
10000011 00110000 10000001 00000001 00000011 00110100
00000001 00000001 00010011 00000001 00000001 00000010
01100111 10000000 00000000 00000000 00010011 00000001
00000001 11111101 00100011 00110100 10000001 00000010
00010011 00000100 00000001 00000011 10010011 00000111
00000101 00000000 00100011 00101110 11110100 11111100
10000011 00100111 11000100 11111101 00011011 10000111
00000111 00000000 10010011 00000111 11000000 00000000
01100011 11101010 11100111 00000110 10000011 01100111
11000100 11111101 00010011 10010111 00100111 00000000
10010111 00000111 00000000 00000000 10010011 10000111
01000111 00011001 10110011 00000111 11110111 00000000
10000011 10100111 00000111 00000000 00011011 10000111
00000111 00000000 10010111 00000111 00000000 00000000
10010011 10000111 00000111 00011000 10110011 00000111
11110111 00000000 01100111 10000000 00000111 00000000
00100011 00100110 00000100 11111110 01101111 00000000
11000000 00000100 10010011 00000111 00100000 00000000
00100011 00100110 11110100 11111110 01101111 00000000
00000000 00000100 10010011 00000111 01010000 00000000
00100011 00100110 11110100 11111110 01101111 00000000
01000000 00000011 10010011 00000111 10000000 00000000
00100011 00100110 11110100 11111110 01101111 00000000
10000000 00000010 10010011 00000111 10100000 00000000
00100011 00100110 11110100 11111110 01101111 00000000
11000000 00000001 10010011 00000111 11110000 00000000
00100011 00100110 11110100 11111110 01101111 00000000
00000000 00000001 10010011 00000111 11110000 11111111
00100011 00100110 11110100 11111110 00010011 00000000
00000000 00000000 10000011 00100111 11000100 11111110
00010011 10000101 00000111 00000000 00000011 00110100
10000001 00000010 00010011 00000001 00000001 00000011
01100111 10000000 00000000 00000000 00010011 00000001
00000001 11111110 00100011 00111100 00010001 00000000
00100011 00111000 10000001 00000000 00010011 00000100
00000001 00000010 00100011 00100110 00000100 11111110
01101111 00000000 11000000 00000101 10000011 00100111
11000100 11111110 10011011 10000111 11110111 11111111
10011011 10000111 00000111 00000000 00010011 10000101
00000111 00000000 11101111 11110000 01011111 11110010
10010011 00000111 00000101 00000000 10010011 10000110
00000111 00000000 00010111 00000111 00000000 00000000
00010011 00000111 10000111 00010001 10000011 00100111
11000100 11111110 10010011 10010111 00100111 00000000
10110011 00000111 11110111 00000000 10000011 10100111
00000111 00000000 00010011 10000111 00000110 00000000
10110011 00000111 11110111 01000000 10010011 10110111
00010111 00000000 10010011 11110111 11110111 00001111
00010011 10000101 00000111 00000000 11101111 11110000
10011111 11101010 10000011 00100111 11000100 11111110
10011011 10000111 00010111 00000000 00100011 00100110
11110100 11111110 10000011 00100111 11000100 11111110
00011011 10000111 00000111 00000000 10010011 00000111
11100000 00000000 11100011 11011110 11100111 11111000
10000011 00100111 11000100 11111110 00011011 10000111
00000111 00000000 10010011 00000111 11110000 00000000
10110011 00000111 11110111 01000000 10010011 10110111
00010111 00000000 10010011 11110111 11110111 00001111
00010011 10000101 00000111 00000000 11101111 11110000
11011111 11100110 10010011 00000111 00000000 00000000
00010011 10000101 00000111 00000000 10000011 00110000
10000001 00000001 00000011 00110100 00000001 00000001
00010011 00000001 00000001 00000010 01100111 10000000
00000000 00000000 00010011 00000001 00000001 11111110
00100011 00111100 10000001 00000000 00010011 00000100
00000001 00000010 10010011 00000111 00000101 00000000
00100011 00100110 11110100 11111110 10000011 00100111
11000100 11111110 00010011 10000101 00000111 00000000
01110011 00000000 00010000 00000000 01101111 00000000
00000000 00000000 00010011 00000001 00000001 11111110
00100011 00111100 00010001 00000000 00100011 00111000
10000001 00000000 00010011 00000100 00000001 00000010
00010111 00000101 00000000 00000000 00010011 00000101
10000101 00000101 11101111 11110000 11011111 11110000
10010011 00000111 00000101 00000000 00100011 00100110
11110100 11111110 10000011 00100111 11000100 11111110
00010011 10000101 00000111 00000000 11101111 11110000
00011111 11111011 10010000 11111110 11111111 11111111
10011000 11111110 11111111 11111111 10100100 11111110
11111111 11111111 10100100 11111110 11111111 11111111
10110000 11111110 11111111 11111111 10110000 11111110
11111111 11111111 10110000 11111110 11111111 11111111
10110000 11111110 11111111 11111111 10111100 11111110
11111111 11111111 10111100 11111110 11111111 11111111
10111100 11111110 11111111 11111111 10111100 11111110
11111111 11111111 11001000 11111110 11111111 11111111
00000000 00000000 00000000 00000000 00000000 00000000
00000000 00000000 00000000 00000000 00000000 00000000
11111111 11111111 11111111 11111111 00000000 00000000
00000000 00000000 00000010 00000000 00000000 00000000
00000101 00000000 00000000 00000000 00000101 00000000
00000000 00000000 00001000 00000000 00000000 00000000
00001000 00000000 00000000 00000000 00001000 00000000
00000000 00000000 00001000 00000000 00000000 00000000
00001010 00000000 00000000 00000000 00001010 00000000
00000000 00000000 00001010 00000000 00000000 00000000
00001010 00000000 00000000 00000000 00001111 00000000
00000000 00000000 11111111 11111111 11111111 11111111
