00010011 00000100 00000000 00000000 00010111 10010001
00000000 00000000 00010011 00000001 11000001 11111111
11101111 00000000 01000000 01000001 00010011 00000001
00000001 11111110 00100011 00111100 00010001 00000000
00100011 00111000 10000001 00000000 00010011 00000100
00000001 00000010 10010011 00000111 00000101 00000000
10100011 00000111 11110100 11111110 10000011 01000111
11110100 11111110 10010011 11000111 00010111 00000000
10010011 11110111 11110111 00001111 01100011 10000110
00000111 00000000 00010011 00000101 00010000 00000000
11101111 00000000 00000000 00111100 00010011 00000000
00000000 00000000 10000011 00110000 10000001 00000001
00000011 00110100 00000001 00000001 00010011 00000001
00000001 00000010 01100111 10000000 00000000 00000000
00010011 00000001 00000001 11111101 00100011 00110100
10000001 00000010 00010011 00000100 00000001 00000011
00100011 00111100 10100100 11111100 10010011 10000111
00000101 00000000 00100011 00101010 11110100 11111100
10000011 00100111 01000100 11111101 10011011 11010111
00110111 01000000 00100011 00100110 11110100 11111110
10000011 00100111 01000100 11111101 10010011 11110111
01110111 00000000 00100011 00101010 11110100 11111100
10000011 00100111 01000100 11111101 00010011 10000111
00000111 00000000 10010011 00000111 00010000 00000000
10111011 10010111 11100111 00000000 10011011 10000111
00000111 00000000 10100011 00000101 11110100 11111110
10000011 00100111 11000100 11111110 00000011 00110111
10000100 11111101 10110011 00000111 11110111 00000000
10000011 11000111 00000111 00000000 00000011 01000111
10110100 11111110 10110011 11110111 11100111 00000000
10010011 11110111 11110111 00001111 10011011 10000111
00000111 00000000 10110011 00110111 11110000 00000000
10010011 11110111 11110111 00001111 00010011 10000101
00000111 00000000 00000011 00110100 10000001 00000010
00010011 00000001 00000001 00000011 01100111 10000000
00000000 00000000 00010011 00000001 00000001 11111101
00100011 00110100 10000001 00000010 00010011 00000100
00000001 00000011 00100011 00111100 10100100 11111100
10010011 10000111 00000101 00000000 00010011 00000111
00000110 00000000 00100011 00101010 11110100 11111100
10010011 00000111 00000111 00000000 10100011 00001001
11110100 11111100 10000011 00100111 01000100 11111101
10011011 11010111 00110111 01000000 00100011 00100110
11110100 11111110 10000011 00100111 01000100 11111101
10010011 11110111 01110111 00000000 00100011 00101010
11110100 11111100 10000011 00100111 01000100 11111101
00010011 10000111 00000111 00000000 10010011 00000111
00010000 00000000 10111011 10010111 11100111 00000000
10011011 10000111 00000111 00000000 10100011 00000101
11110100 11111110 10000011 00100111 11000100 11111110
00000011 00110111 10000100 11111101 10110011 00000111
11110111 00000000 00100011 00110000 11110100 11111110
10000011 01000111 00110100 11111101 10010011 11000111
00010111 00000000 10010011 11110111 11110111 00001111
01100011 10001100 00000111 00000010 10000011 00110111
00000100 11111110 10000011 11000111 00000111 00000000
00011011 10010111 10000111 00000001 00011011 01010111
10000111 01000001 10000011 00000111 10110100 11111110
10010011 11000111 11110111 11111111 10011011 10010111
10000111 00000001 10011011 11010111 10000111 01000001
10110011 01110111 11110111 00000000 10011011 10010111
10000111 00000001 10011011 11010111 10000111 01000001
10010011 11110111 11110111 00001111 01101111 00000000
10000000 00000001 10000011 00110111 00000100 11111110
10000011 11000111 00000111 00000000 00000011 01000111
10110100 11111110 10110011 11100111 11100111 00000000
10010011 11110111 11110111 00001111 00000011 00110111
00000100 11111110 00100011 00000000 11110111 00000000
00010011 00000000 00000000 00000000 00000011 00110100
10000001 00000010 00010011 00000001 00000001 00000011
01100111 10000000 00000000 00000000 00010011 00000001
00000001 11111110 00100011 00111100 00010001 00000000
00100011 00111000 10000001 00000000 00010011 00000100
00000001 00000010 10010011 00000111 10100000 11111010
00100011 00000100 11110100 11111110 10100011 00000100
00000100 11111110 10010011 00000111 10000100 11111110
10010011 00000101 00000000 00000000 00010011 10000101
00000111 00000000 11101111 11110000 01011111 11101000
10010011 00000111 00000101 00000000 10011011 10000111
00000111 00000000 10110011 00110111 11110000 00000000
10010011 11110111 11110111 00001111 10010011 11000111
00010111 00000000 10010011 11110111 11110111 00001111
10011011 10000111 00000111 00000000 10010011 11110111
00010111 00000000 10010011 11110111 11110111 00001111
00010011 10000101 00000111 00000000 11101111 11110000
01011111 11100001 10010011 00000111 10000100 11111110
10010011 00000101 00010000 00000000 00010011 10000101
00000111 00000000 11101111 11110000 10011111 11100100
10010011 00000111 00000101 00000000 00010011 10000101
00000111 00000000 11101111 11110000 10011111 11011111
10010011 00000111 10000100 11111110 10010011 00000101
00100000 00000000 00010011 10000101 00000111 00000000
11101111 11110000 11011111 11100010 10010011 00000111
00000101 00000000 10011011 10000111 00000111 00000000
10110011 00110111 11110000 00000000 10010011 11110111
11110111 00001111 10010011 11000111 00010111 00000000
10010011 11110111 11110111 00001111 10011011 10000111
00000111 00000000 10010011 11110111 00010111 00000000
10010011 11110111 11110111 00001111 00010011 10000101
00000111 00000000 11101111 11110000 11011111 11011011
10010011 00000111 10000100 11111110 10010011 00000101
00110000 00000000 00010011 10000101 00000111 00000000
11101111 11110000 00011111 11011111 10010011 00000111
00000101 00000000 00010011 10000101 00000111 00000000
11101111 11110000 00011111 11011010 10010011 00000111
10000100 11111110 10010011 00000101 01000000 00000000
00010011 10000101 00000111 00000000 11101111 11110000
01011111 11011101 10010011 00000111 00000101 00000000
10011011 10000111 00000111 00000000 10110011 00110111
11110000 00000000 10010011 11110111 11110111 00001111
10010011 11000111 00010111 00000000 10010011 11110111
11110111 00001111 10011011 10000111 00000111 00000000
10010011 11110111 00010111 00000000 10010011 11110111
11110111 00001111 00010011 10000101 00000111 00000000
11101111 11110000 01011111 11010110 10010011 00000111
10000100 11111110 10010011 00000101 01010000 00000000
00010011 10000101 00000111 00000000 11101111 11110000
10011111 11011001 10010011 00000111 00000101 00000000
00010011 10000101 00000111 00000000 11101111 11110000
10011111 11010100 10010011 00000111 10000100 11111110
10010011 00000101 01100000 00000000 00010011 10000101
00000111 00000000 11101111 11110000 11011111 11010111
10010011 00000111 00000101 00000000 10011011 10000111
00000111 00000000 10110011 00110111 11110000 00000000
10010011 11110111 11110111 00001111 10010011 11000111
00010111 00000000 10010011 11110111 11110111 00001111
10011011 10000111 00000111 00000000 10010011 11110111
00010111 00000000 10010011 11110111 11110111 00001111
00010011 10000101 00000111 00000000 11101111 11110000
11011111 11010000 10010011 00000111 10000100 11111110
10010011 00000101 01110000 00000000 00010011 10000101
00000111 00000000 11101111 11110000 00011111 11010100
10010011 00000111 00000101 00000000 00010011 10000101
00000111 00000000 11101111 11110000 00011111 11001111
10010011 00000111 10000100 11111110 00010011 00000110
00010000 00000000 10010011 00000101 10000000 00000000
00010011 10000101 00000111 00000000 11101111 11110000
00011111 11011010 10010011 00000111 10000100 11111110
00010011 00000110 00000000 00000000 10010011 00000101
10010000 00000000 00010011 10000101 00000111 00000000
11101111 11110000 11011111 11011000 10010011 00000111
10000100 11111110 00010011 00000110 00010000 00000000
10010011 00000101 10100000 00000000 00010011 10000101
00000111 00000000 11101111 11110000 10011111 11010111
10010011 00000111 10000100 11111110 00010011 00000110
00000000 00000000 10010011 00000101 10110000 00000000
00010011 10000101 00000111 00000000 11101111 11110000
01011111 11010110 10010011 00000111 10000100 11111110
00010011 00000110 00010000 00000000 10010011 00000101
11000000 00000000 00010011 10000101 00000111 00000000
11101111 11110000 00011111 11010101 10010011 00000111
10000100 11111110 00010011 00000110 00000000 00000000
10010011 00000101 11010000 00000000 00010011 10000101
00000111 00000000 11101111 11110000 11011111 11010011
10010011 00000111 10000100 11111110 00010011 00000110
00010000 00000000 10010011 00000101 11100000 00000000
00010011 10000101 00000111 00000000 11101111 11110000
10011111 11010010 10010011 00000111 10000100 11111110
00010011 00000110 00000000 00000000 10010011 00000101
11110000 00000000 00010011 10000101 00000111 00000000
11101111 11110000 01011111 11010001 10000011 01000111
10010100 11111110 00011011 10000111 00000111 00000000
10010011 00000111 01010000 00000101 10110011 00000111
11110111 01000000 10010011 10110111 00010111 00000000
10010011 11110111 11110111 00001111 00010011 10000101
00000111 00000000 11101111 11110000 00011111 11000011
10010011 00000111 00000000 00000000 00010011 10000101
00000111 00000000 10000011 00110000 10000001 00000001
00000011 00110100 00000001 00000001 00010011 00000001
00000001 00000010 01100111 10000000 00000000 00000000
00010011 00000001 00000001 11111110 00100011 00111100
10000001 00000000 00010011 00000100 00000001 00000010
10010011 00000111 00000101 00000000 00100011 00100110
11110100 11111110 10000011 00100111 11000100 11111110
00010011 10000101 00000111 00000000 01110011 00000000
00010000 00000000 01101111 00000000 00000000 00000000
00010011 00000001 00000001 11111110 00100011 00111100
00010001 00000000 00100011 00111000 10000001 00000000
00010011 00000100 00000001 00000010 00010111 00000101
00000000 00000000 00010011 00000101 00000101 00000010
11101111 11110000 00011111 11010111 10010011 00000111
00000101 00000000 00100011 00100110 11110100 11111110
10000011 00100111 11000100 11111110 00010011 10000101
00000111 00000000 11101111 11110000 00011111 11111011
00000000
