00010011 00000100 00000000 00000000 00010111 10010001
00000000 00000000 00010011 00000001 11000001 11111111
11101111 00000000 10000000 00000100 00010011 00000001
00000001 11111111 00100011 00110100 10000001 00000000
00010011 00000100 00000001 00000001 10010011 00000111
00000000 00000000 00010011 10000101 00000111 00000000
00000011 00110100 10000001 00000000 00010011 00000001
00000001 00000001 01100111 10000000 00000000 00000000
00010011 00000001 00000001 11111110 00100011 00111100
10000001 00000000 00010011 00000100 00000001 00000010
10010011 00000111 00000101 00000000 00100011 00100110
11110100 11111110 10000011 00100111 11000100 11111110
00010011 10000101 00000111 00000000 01110011 00000000
00010000 00000000 01101111 00000000 00000000 00000000
00010011 00000001 00000001 11111110 00100011 00111100
00010001 00000000 00100011 00111000 10000001 00000000
00010011 00000100 00000001 00000010 00010111 00000101
00000000 00000000 00010011 00000101 01000101 00000010
11101111 11110000 01011111 11111010 10010011 00000111
00000101 00000000 00100011 00100110 11110100 11111110
10000011 00100111 11000100 11111110 00010011 10000101
00000111 00000000 11101111 11110000 00011111 11111011
00000000 00000000 00000000 00000000 00000000
