00010011 00000100 00000000 00000000 00010111 10010001
00000000 00000000 00010011 00000001 11000001 11111111
11101111 00000000 01000000 00011000 00010011 00000001
00000001 11111110 00100011 00111100 00010001 00000000
00100011 00111000 10000001 00000000 00010011 00000100
00000001 00000010 10010011 00000111 00000101 00000000
10100011 00000111 11110100 11111110 10000011 01000111
11110100 11111110 10010011 11000111 00010111 00000000
10010011 11110111 11110111 00001111 01100011 10000110
00000111 00000000 00010011 00000101 00010000 00000000
11101111 00000000 00000000 00010011 00010011 00000000
00000000 00000000 10000011 00110000 10000001 00000001
00000011 00110100 00000001 00000001 00010011 00000001
00000001 00000010 01100111 10000000 00000000 00000000
00010011 00000001 00000001 11111110 00100011 00111100
00010001 00000000 00100011 00111000 10000001 00000000
00010011 00000100 00000001 00000010 10010011 00000111
00100000 00000000 00100011 00100110 11110100 11111110
01101111 00000000 10000000 00001011 10000011 00100111
11000100 11111110 10011011 10000111 11110111 11111111
10011011 10000111 00000111 00000000 00010111 00000111
00000000 00000000 00010011 00000111 11000111 00010100
10010011 10010111 00100111 00000000 10110011 00000111
11110111 00000000 00000011 10100111 00000111 00000000
10000011 00100111 11000100 11111110 10011011 10000111
11100111 11111111 10011011 10000111 00000111 00000000
10010111 00000110 00000000 00000000 10010011 10000110
11000110 00010010 10010011 10010111 00100111 00000000
10110011 10000111 11110110 00000000 10000011 10100111
00000111 00000000 10111011 00000111 11110111 00000000
00011011 10000111 00000111 00000000 10010111 00000110
00000000 00000000 10010011 10000110 00000110 00010001
10000011 00100111 11000100 11111110 10010011 10010111
00100111 00000000 10110011 10000111 11110110 00000000
00100011 10100000 11100111 00000000 00010111 00000111
00000000 00000000 00010011 00000111 10000111 00001111
10000011 00100111 11000100 11111110 10010011 10010111
00100111 00000000 10110011 00000111 11110111 00000000
10000011 10100110 00000111 00000000 00010111 00000111
00000000 00000000 00010011 00000111 00000111 00011000
10000011 00100111 11000100 11111110 10010011 10010111
00100111 00000000 10110011 00000111 11110111 00000000
10000011 10100111 00000111 00000000 00010011 10000111
00000110 00000000 10110011 00000111 11110111 01000000
10010011 10110111 00010111 00000000 10010011 11110111
11110111 00001111 00010011 10000101 00000111 00000000
11101111 11110000 11011111 11101111 10000011 00100111
11000100 11111110 10011011 10000111 00010111 00000000
00100011 00100110 11110100 11111110 10000011 00100111
11000100 11111110 00011011 10000111 00000111 00000000
10010011 00000111 01110000 00000010 11100011 11010000
11100111 11110100 10000011 00100111 11000100 11111110
00011011 10000111 00000111 00000000 10010011 00000111
10000000 00000010 10110011 00000111 11110111 01000000
10010011 10110111 00010111 00000000 10010011 11110111
11110111 00001111 00010011 10000101 00000111 00000000
11101111 11110000 00011111 11101100 10010011 00000111
00000000 00000000 00010011 10000101 00000111 00000000
10000011 00110000 10000001 00000001 00000011 00110100
00000001 00000001 00010011 00000001 00000001 00000010
01100111 10000000 00000000 00000000 00010011 00000001
00000001 11111110 00100011 00111100 10000001 00000000
00010011 00000100 00000001 00000010 10010011 00000111
00000101 00000000 00100011 00100110 11110100 11111110
10000011 00100111 11000100 11111110 00010011 10000101
00000111 00000000 01110011 00000000 00010000 00000000
01101111 00000000 00000000 00000000 00010011 00000001
00000001 11111110 00100011 00111100 00010001 00000000
00100011 00111000 10000001 00000000 00010011 00000100
00000001 00000010 00010111 00000101 00000000 00000000
00010011 00000101 00000101 00000010 11101111 11110000
11011111 11101010 10010011 00000111 00000101 00000000
00100011 00100110 11110100 11111110 10000011 00100111
11000100 11111110 00010011 10000101 00000111 00000000
11101111 11110000 00011111 11111011 00000000 00000000
00000000 00000000 00000000 00000000 00000000 00000000
00000001 00000000 00000000 00000000 00000001 00000000
00000000 00000000 00000000 00000000 00000000 00000000
00000000 00000000 00000000 00000000 00000000 00000000
00000000 00000000 00000000 00000000 00000000 00000000
00000000 00000000 00000000 00000000 00000000 00000000
00000000 00000000 00000000 00000000 00000000 00000000
00000000 00000000 00000000 00000000 00000000 00000000
00000000 00000000 00000000 00000000 00000000 00000000
00000000 00000000 00000000 00000000 00000000 00000000
00000000 00000000 00000000 00000000 00000000 00000000
00000000 00000000 00000000 00000000 00000000 00000000
00000000 00000000 00000000 00000000 00000000 00000000
00000000 00000000 00000000 00000000 00000000 00000000
00000000 00000000 00000000 00000000 00000000 00000000
00000000 00000000 00000000 00000000 00000000 00000000
00000000 00000000 00000000 00000000 00000000 00000000
00000000 00000000 00000000 00000000 00000000 00000000
00000000 00000000 00000000 00000000 00000000 00000000
00000000 00000000 00000000 00000000 00000000 00000000
00000000 00000000 00000000 00000000 00000000 00000000
00000000 00000000 00000000 00000000 00000000 00000000
00000000 00000000 00000000 00000000 00000000 00000000
00000000 00000000 00000000 00000000 00000000 00000000
00000000 00000000 00000000 00000000 00000000 00000000
00000000 00000000 00000000 00000000 00000000 00000000
00000000 00000000 00000000 00000000 00000000 00000000
00000000 00000000 00000000 00000000 00000001 00000000
00000000 00000000 00000001 00000000 00000000 00000000
00000010 00000000 00000000 00000000 00000011 00000000
00000000 00000000 00000101 00000000 00000000 00000000
00001000 00000000 00000000 00000000 00001101 00000000
00000000 00000000 00010101 00000000 00000000 00000000
00100010 00000000 00000000 00000000 00110111 00000000
00000000 00000000 01011001 00000000 00000000 00000000
10010000 00000000 00000000 00000000 11101001 00000000
00000000 00000000 01111001 00000001 00000000 00000000
01100010 00000010 00000000 00000000 11011011 00000011
00000000 00000000 00111101 00000110 00000000 00000000
00011000 00001010 00000000 00000000 01010101 00010000
00000000 00000000 01101101 00011010 00000000 00000000
11000010 00101010 00000000 00000000 00101111 01000101
00000000 00000000 11110001 01101111 00000000 00000000
00100000 10110101 00000000 00000000 00010001 00100101
00000001 00000000 00110001 11011010 00000001 00000000
01000010 11111111 00000010 00000000 01110011 11011001
00000100 00000000 10110101 11011000 00000111 00000000
00101000 10110010 00001100 00000000 11011101 10001010
00010100 00000000 00000101 00111101 00100001 00000000
11100010 11000111 00110101 00000000 11100111 00000100
01010111 00000000 11001001 11001100 10001100 00000000
10110000 11010001 11100011 00000000 01111001 10011110
01110000 00000001 00101001 01110000 01010100 00000010
10100010 00001110 11000101 00000011 11001011 01111110
00011001 00000110
