00010011 00000100 00000000 00000000 00010111 10010001
00000000 00000000 00010011 00000001 11000001 11111111
11101111 00000000 00000000 00101011 00010011 00000001
00000001 11111110 00100011 00111100 00010001 00000000
00100011 00111000 10000001 00000000 00010011 00000100
00000001 00000010 10010011 00000111 00000101 00000000
10100011 00000111 11110100 11111110 10000011 01000111
11110100 11111110 10010011 11000111 00010111 00000000
10010011 11110111 11110111 00001111 01100011 10000110
00000111 00000000 00010011 00000101 00010000 00000000
11101111 00000000 11000000 00100101 00010011 00000000
00000000 00000000 10000011 00110000 10000001 00000001
00000011 00110100 00000001 00000001 00010011 00000001
00000001 00000010 01100111 10000000 00000000 00000000
00010011 00000001 00000001 11111110 00100011 00111100
00010001 00000000 00100011 00111000 10000001 00000000
00010011 00000100 00000001 00000010 00100011 00100110
00000100 11111110 01101111 00000000 01000000 00000110
00010111 00000111 00000000 00000000 00010011 00000111
11000111 00101000 10000011 01100111 11000100 11111110
10010011 10010111 00010111 00000000 10110011 00000111
11110111 00000000 10000011 11010111 00000111 00000000
10011011 10010111 00000111 00000001 10011011 11010111
00000111 01000001 10011011 10000110 00000111 00000000
00010111 00000111 00000000 00000000 00010011 00000111
10000111 00100111 10000011 01100111 11000100 11111110
10010011 10010111 00100111 00000000 10110011 00000111
11110111 00000000 10000011 10100111 00000111 00000000
00010011 10000111 00000110 00000000 10110011 00000111
11110111 01000000 10010011 10110111 00010111 00000000
10010011 11110111 11110111 00001111 00010011 10000101
00000111 00000000 11101111 11110000 01011111 11110101
10000011 00100111 11000100 11111110 10011011 10000111
00010111 00000000 00100011 00100110 11110100 11111110
10000011 00100111 11000100 11111110 00011011 10000111
00000111 00000000 10010011 00000111 01110000 00000000
11100011 11111010 11100111 11111000 00100011 00100110
00000100 11111110 01101111 00000000 11000000 00000101
00010111 00000111 00000000 00000000 00010011 00000111
01000111 00100001 10000011 01100111 11000100 11111110
10010011 10010111 00010111 00000000 10110011 00000111
11110111 00000000 10000011 11010111 00000111 00000000
10011011 10000110 00000111 00000000 00010111 00000111
00000000 00000000 00010011 00000111 10000111 00100010
10000011 01100111 11000100 11111110 10010011 10010111
00100111 00000000 10110011 00000111 11110111 00000000
10000011 10100111 00000111 00000000 00010011 10000111
00000110 00000000 10110011 00000111 11110111 01000000
10010011 10110111 00010111 00000000 10010011 11110111
11110111 00001111 00010011 10000101 00000111 00000000
11101111 11110000 01011111 11101110 10000011 00100111
11000100 11111110 10011011 10000111 00010111 00000000
00100011 00100110 11110100 11111110 10000011 00100111
11000100 11111110 00011011 10000111 00000111 00000000
10010011 00000111 01110000 00000000 11100011 11111110
11100111 11111000 00100011 00100110 00000100 11111110
01101111 00000000 01000000 00000110 10000011 01100111
11000100 11111110 10010011 10010111 00100111 00000000
00010011 10000111 00010111 00000000 10010111 00000111
00000000 00000000 10010011 10000111 10000111 00011001
10110011 00000111 11110111 00000000 10000011 10100111
00000111 00000000 00100011 00100100 11110100 11111110
00010111 00000111 00000000 00000000 00010011 00000111
01000111 00011111 10000011 01100111 11000100 11111110
10010011 10010111 00100111 00000000 10110011 00000111
11110111 00000000 00000011 10100111 00000111 00000000
10000011 00100111 10000100 11111110 10011011 10000111
00000111 00000000 10110011 10000111 11100111 01000000
10010011 10110111 00010111 00000000 10010011 11110111
11110111 00001111 00010011 10000101 00000111 00000000
11101111 11110000 11011111 11100110 10000011 00100111
11000100 11111110 10011011 10000111 00010111 00000000
00100011 00100110 11110100 11111110 10000011 00100111
11000100 11111110 00011011 10000111 00000111 00000000
10010011 00000111 00100000 00000000 11100011 11111010
11100111 11111000 00100011 00100110 00000100 11111110
01101111 00000000 10000000 00001010 10000011 00100111
11000100 11111110 10011011 10010111 00010111 00000000
10011011 10000111 00000111 00000000 10011011 10000111
00010111 00000000 10011011 10000111 00000111 00000000
00010011 00000111 00010000 00000000 10111011 00010111
11110111 00000000 10011011 10000111 00000111 00000000
10010011 10010111 00000111 00000011 10010011 11010111
00000111 00000011 10010011 11000111 11110111 11111111
00010011 10010111 00000111 00000011 00010011 01010111
00000111 00000011 10010111 00000110 00000000 00000000
10010011 10000110 10000110 00001111 10000011 01100111
11000100 11111110 10010011 10010111 00010111 00000000
10110011 10000111 11110110 00000000 00100011 10010000
11100111 00000000 00010111 00000111 00000000 00000000
00010011 00000111 00000111 00001110 10000011 01100111
11000100 11111110 10010011 10010111 00010111 00000000
10110011 00000111 11110111 00000000 10000011 11010111
00000111 00000000 10011011 10000110 00000111 00000000
00010111 00000111 00000000 00000000 00010011 00000111
01000111 00010001 10000011 01100111 11000100 11111110
10010011 10010111 00100111 00000000 10110011 00000111
11110111 00000000 10000011 10100111 00000111 00000000
00010011 10000111 00000110 00000000 10110011 00000111
11110111 01000000 10010011 10110111 00010111 00000000
10010011 11110111 11110111 00001111 00010011 10000101
00000111 00000000 11101111 11110000 00011111 11011011
10000011 00100111 11000100 11111110 10011011 10000111
00010111 00000000 00100011 00100110 11110100 11111110
10000011 00100111 11000100 11111110 00011011 10000111
00000111 00000000 10010011 00000111 01110000 00000000
11100011 11111000 11100111 11110100 10010011 00000111
00000000 00000000 00010011 10000101 00000111 00000000
10000011 00110000 10000001 00000001 00000011 00110100
00000001 00000001 00010011 00000001 00000001 00000010
01100111 10000000 00000000 00000000 00010011 00000001
00000001 11111110 00100011 00111100 10000001 00000000
00010011 00000100 00000001 00000010 10010011 00000111
00000101 00000000 00100011 00100110 11110100 11111110
10000011 00100111 11000100 11111110 00010011 10000101
00000111 00000000 01110011 00000000 00010000 00000000
01101111 00000000 00000000 00000000 00010011 00000001
00000001 11111110 00100011 00111100 00010001 00000000
00100011 00111000 10000001 00000000 00010011 00000100
00000001 00000010 00010111 00000101 00000000 00000000
00010011 00000101 01000101 00000010 11101111 11110000
00011111 11011000 10010011 00000111 00000101 00000000
00100011 00100110 11110100 11111110 10000011 00100111
11000100 11111110 00010011 10000101 00000111 00000000
11101111 11110000 00011111 11111011 00000000 00000000
00000000 00000000 00000000 00000000 00000000 00000000
00000000 00000000 00000000 00000000 00000000 00000000
01011000 00000010 10111100 01001010 11111111 01111111
00000000 10000000 00000000 10000001 11001101 10101011
11111111 11111111 00000000 00000000 00000000 00000000
01011000 00000010 00000000 00000000 10111100 01001010
00000000 00000000 11111111 01111111 00000000 00000000
00000000 10000000 11111111 11111111 00000000 10000001
11111111 11111111 11001101 10101011 11111111 11111111
11111111 11111111 11111111 11111111 00000000 00000000
00000000 00000000 01011000 00000010 00000000 00000000
10111100 01001010 00000000 00000000 11111111 01111111
00000000 00000000 00000000 10000000 00000000 00000000
00000000 10000001 00000000 00000000 11001101 10101011
00000000 00000000 11111111 11111111 00000000 00000000
11111101 11111111 00000000 00000000 11110111 11111111
00000000 00000000 11011111 11111111 00000000 00000000
01111111 11111111 00000000 00000000 11111111 11111101
00000000 00000000 11111111 11110111 00000000 00000000
11111111 11011111 00000000 00000000 11111111 01111111
00000000 00000000 00000000 01011000 00000010 10111100
01001010 11111111 01111111 00000000 10000000 00000000
10000001 11001101 10101011 11111111 11111111 00000000
