00010011 00000100 00000000 00000000 00010111 10010001
00000000 00000000 00010011 00000001 11000001 11111111
11101111 00000000 10000000 00101101 00010011 00000001
00000001 11111110 00100011 00111100 00010001 00000000
00100011 00111000 10000001 00000000 00010011 00000100
00000001 00000010 10010011 00000111 00000101 00000000
10100011 00000111 11110100 11111110 10000011 01000111
11110100 11111110 10010011 11000111 00010111 00000000
10010011 11110111 11110111 00001111 01100011 10000110
00000111 00000000 00010011 00000101 00010000 00000000
11101111 00000000 01000000 00101000 00010011 00000000
00000000 00000000 10000011 00110000 10000001 00000001
00000011 00110100 00000001 00000001 00010011 00000001
00000001 00000010 01100111 10000000 00000000 00000000
00010011 00000001 00000001 11111110 00100011 00111100
00010001 00000000 00100011 00111000 10000001 00000000
00010011 00000100 00000001 00000010 00100011 00100110
00000100 11111110 01101111 00000000 00000000 00100001
00100011 00100100 00000100 11111110 01101111 00000000
11000000 00011100 10010111 00000110 00000000 00000000
10010011 10000110 11000110 01110101 00000011 00100110
10000100 11111110 00000011 00100111 11000100 11111110
10010011 00000111 00000111 00000000 10010011 10010111
00100111 00000000 10110011 10000111 11100111 00000000
10010011 10010111 00010111 00000000 10110011 10000111
11000111 00000000 10010011 10010111 00100111 00000000
10110011 10000111 11110110 00000000 00100011 10100000
00000111 00000000 00100011 00100010 00000100 11111110
01101111 00000000 00000000 00001110 10010111 00000110
00000000 00000000 10010011 10000110 01000110 01110010
00000011 00100110 10000100 11111110 00000011 00100111
11000100 11111110 10010011 00000111 00000111 00000000
10010011 10010111 00100111 00000000 10110011 10000111
11100111 00000000 10010011 10010111 00010111 00000000
10110011 10000111 11000111 00000000 10010011 10010111
00100111 00000000 10110011 10000111 11110110 00000000
10000011 10100110 00000111 00000000 00010111 00000110
00000000 00000000 00010011 00000110 01000110 00100100
10000011 00100101 01000100 11111110 00000011 00100111
11000100 11111110 10010011 00000111 00000111 00000000
10010011 10010111 00100111 00000000 10110011 10000111
11100111 00000000 10010011 10010111 00010111 00000000
10110011 10000111 10110111 00000000 10010011 10010111
00100111 00000000 10110011 00000111 11110110 00000000
00000011 10100110 00000111 00000000 10010111 00000101
00000000 00000000 10010011 10000101 01000101 00111010
00000011 00100101 10000100 11111110 00000011 00100111
01000100 11111110 10010011 00000111 00000111 00000000
10010011 10010111 00100111 00000000 10110011 10000111
11100111 00000000 10010011 10010111 00010111 00000000
10110011 10000111 10100111 00000000 10010011 10010111
00100111 00000000 10110011 10000111 11110101 00000000
10000011 10100111 00000111 00000000 10111011 00000111
11110110 00000010 10011011 10000111 00000111 00000000
10111011 10000111 11110110 00000000 10011011 10000110
00000111 00000000 00010111 00000110 00000000 00000000
00010011 00000110 01000110 01101000 10000011 00100101
10000100 11111110 00000011 00100111 11000100 11111110
10010011 00000111 00000111 00000000 10010011 10010111
00100111 00000000 10110011 10000111 11100111 00000000
10010011 10010111 00010111 00000000 10110011 10000111
10110111 00000000 10010011 10010111 00100111 00000000
10110011 00000111 11110110 00000000 00100011 10100000
11010111 00000000 10000011 00100111 01000100 11111110
10011011 10000111 00010111 00000000 00100011 00100010
11110100 11111110 10000011 00100111 01000100 11111110
00011011 10000111 00000111 00000000 10010011 00000111
10010000 00000000 11100011 11011100 11100111 11110000
10010111 00000110 00000000 00000000 10010011 10000110
10000110 01100011 00000011 00100110 10000100 11111110
00000011 00100111 11000100 11111110 10010011 00000111
00000111 00000000 10010011 10010111 00100111 00000000
10110011 10000111 11100111 00000000 10010011 10010111
00010111 00000000 10110011 10000111 11000111 00000000
10010011 10010111 00100111 00000000 10110011 10000111
11110110 00000000 10000011 10100101 00000111 00000000
10010111 00000110 00000000 00000000 10010011 10000110
10000110 01000111 00000011 00100110 10000100 11111110
00000011 00100111 11000100 11111110 10010011 00000111
00000111 00000000 10010011 10010111 00100111 00000000
10110011 10000111 11100111 00000000 10010011 10010111
00010111 00000000 10110011 10000111 11000111 00000000
10010011 10010111 00100111 00000000 10110011 10000111
11110110 00000000 10000011 10100111 00000111 00000000
00010011 10000111 00000101 00000000 10110011 00000111
11110111 01000000 10010011 10110111 00010111 00000000
10010011 11110111 11110111 00001111 00010011 10000101
00000111 00000000 11101111 11110000 01011111 11100000
10000011 00100111 01000100 11111110 00011011 10000111
00000111 00000000 10010011 00000111 10100000 00000000
10110011 00000111 11110111 01000000 10010011 10110111
00010111 00000000 10010011 11110111 11110111 00001111
00010011 10000101 00000111 00000000 11101111 11110000
01011111 11011110 10000011 00100111 10000100 11111110
10011011 10000111 00010111 00000000 00100011 00100100
11110100 11111110 10000011 00100111 10000100 11111110
00011011 10000111 00000111 00000000 10010011 00000111
10010000 00000000 11100011 11010110 11100111 11100010
10000011 00100111 10000100 11111110 00011011 10000111
00000111 00000000 10010011 00000111 10100000 00000000
10110011 00000111 11110111 01000000 10010011 10110111
00010111 00000000 10010011 11110111 11110111 00001111
00010011 10000101 00000111 00000000 11101111 11110000
10011111 11011010 10000011 00100111 11000100 11111110
10011011 10000111 00010111 00000000 00100011 00100110
11110100 11111110 10000011 00100111 11000100 11111110
00011011 10000111 00000111 00000000 10010011 00000111
10010000 00000000 11100011 11010100 11100111 11011110
10000011 00100111 11000100 11111110 00011011 10000111
00000111 00000000 10010011 00000111 10100000 00000000
10110011 00000111 11110111 01000000 10010011 10110111
00010111 00000000 10010011 11110111 11110111 00001111
00010011 10000101 00000111 00000000 11101111 11110000
11011111 11010110 10010011 00000111 00000000 00000000
00010011 10000101 00000111 00000000 10000011 00110000
10000001 00000001 00000011 00110100 00000001 00000001
00010011 00000001 00000001 00000010 01100111 10000000
00000000 00000000 00010011 00000001 00000001 11111110
00100011 00111100 10000001 00000000 00010011 00000100
00000001 00000010 10010011 00000111 00000101 00000000
00100011 00100110 11110100 11111110 10000011 00100111
11000100 11111110 00010011 10000101 00000111 00000000
01110011 00000000 00010000 00000000 01101111 00000000
00000000 00000000 00010011 00000001 00000001 11111110
00100011 00111100 00010001 00000000 00100011 00111000
10000001 00000000 00010011 00000100 00000001 00000010
00010111 00000101 00000000 00000000 00010011 00000101
01000101 00000010 11101111 11110000 10011111 11010101
10010011 00000111 00000101 00000000 00100011 00100110
11110100 11111110 10000011 00100111 11000100 11111110
00010011 10000101 00000111 00000000 11101111 11110000
00011111 11111011 00000000 00000000 00000000 00000000
00000000 00000000 00000000 00000000 00000000 00000000
00000000 00000000 00011111 00000000 00000000 00000000
10110111 11111111 11111111 11111111 10111101 11111111
11111111 11111111 11100100 11111111 11111111 11111111
01010111 00000000 00000000 00000000 11101111 11111111
11111111 11111111 11110001 11111111 11111111 11111111
11011101 11111111 11111111 11111111 11001011 11111111
11111111 11111111 11001010 11111111 11111111 11111111
00110100 00000000 00000000 00000000 00100100 00000000
00000000 00000000 00001001 00000000 00000000 00000000
10100101 11111111 11111111 11111111 11100101 11111111
11111111 11111111 10110010 11111111 11111111 11111111
00101010 00000000 00000000 00000000 01010010 00000000
00000000 00000000 00010011 00000000 00000000 00000000
11111010 11111111 11111111 11111111 00101001 00000000
00000000 00000000 11001000 11111111 11111111 11111111
00011111 00000000 00000000 00000000 00100000 00000000
00000000 00000000 11001100 11111111 11111111 11111111
01001010 00000000 00000000 00000000 00011100 00000000
00000000 00000000 00010100 00000000 00000000 00000000
00110111 00000000 00000000 00000000 10111000 11111111
11111111 11111111 11000101 11111111 11111111 11111111
00000010 00000000 00000000 00000000 10110001 11111111
11111111 11111111 11111000 11111111 11111111 11111111
00101100 00000000 00000000 00000000 00110111 00000000
00000000 00000000 10101101 11111111 11111111 11111111
10100001 11111111 11111111 11111111 11010011 11111111
11111111 11111111 00110010 00000000 00000000 00000000
10100001 11111111 11111111 11111111 00111101 00000000
00000000 00000000 11000001 11111111 11111111 11111111
00111110 00000000 00000000 00000000 11110000 11111111
11111111 11111111 00110100 00000000 00000000 00000000
00101000 00000000 00000000 00000000 01011100 00000000
00000000 00000000 11100000 11111111 11111111 11111111
11100110 11111111 11111111 11111111 10011101 11111111
11111111 11111111 00110100 00000000 00000000 00000000
01100000 00000000 00000000 00000000 00111111 00000000
00000000 00000000 10110101 11111111 11111111 11111111
10110110 11111111 11111111 11111111 10101110 11111111
11111111 11111111 01010010 00000000 00000000 00000000
10100001 11111111 11111111 11111111 00101010 00000000
00000000 00000000 00001011 00000000 00000000 00000000
11101010 11111111 11111111 11111111 00011011 00000000
00000000 00000000 11100101 11111111 11111111 11111111
11100101 11111111 11111111 11111111 10110100 11111111
11111111 11111111 10111001 11111111 11111111 11111111
00111010 00000000 00000000 00000000 11011000 11111111
11111111 11111111 10111111 11111111 11111111 11111111
01011011 00000000 00000000 00000000 11001011 11111111
11111111 11111111 10111101 11111111 11111111 11111111
01001000 00000000 00000000 00000000 00100100 00000000
00000000 00000000 10110011 11111111 11111111 11111111
11111101 11111111 11111111 11111111 01011101 00000000
00000000 00000000 11101000 11111111 11111111 11111111
01100001 00000000 00000000 00000000 11001100 11111111
11111111 11111111 11110101 11111111 11111111 11111111
10110011 11111111 11111111 11111111 10100011 11111111
11111111 11111111 10100100 11111111 11111111 11111111
11101000 11111111 11111111 11111111 01000110 00000000
00000000 00000000 00010010 00000000 00000000 00000000
00111000 00000000 00000000 00000000 01011000 00000000
00000000 00000000 11010101 11111111 11111111 11111111
11010111 11111111 11111111 11111111 11100110 11111111
11111111 11111111 00001011 00000000 00000000 00000000
10101100 11111111 11111111 11111111 11110010 11111111
11111111 11111111 11010111 11111111 11111111 11111111
01010011 00000000 00000000 00000000 00011011 00000000
00000000 00000000 11110101 11111111 11111111 11111111
11010000 11111111 11111111 11111111 10111010 11111111
11111111 11111111 11011000 11111111 11111111 11111111
10101110 11111111 11111111 11111111 10110110 11111111
11111111 11111111 11000001 11111111 11111111 11111111
11000101 11111111 11111111 11111111 10111000 11111111
11111111 11111111 10011100 11111111 11111111 11111111
10111000 11111111 11111111 11111111 00000101 00000000
00000000 00000000 10101100 11111111 11111111 11111111
00011100 00000000 00000000 00000000 00111000 00000000
00000000 00000000 00111100 00000000 00000000 00000000
11011111 11111111 11111111 11111111 11010110 11111111
11111111 11111111 11001110 11111111 11111111 11111111
10101101 11111111 11111111 11111111 10101101 11111111
11111111 11111111 11111011 11111111 11111111 11111111
00000101 00000000 00000000 00000000 00110000 00000000
00000000 00000000 01001011 00000000 00000000 00000000
10110010 11111111 11111111 11111111 11110111 11111111
11111111 11111111 00001001 00000000 00000000 00000000
00000010 00000000 00000000 00000000 01011000 00000000
00000000 00000000 01000110 00000000 00000000 00000000
01000101 00000000 00000000 00000000 00010111 00000000
00000000 00000000 01000010 00000000 00000000 00000000
01000010 00000000 00000000 00000000 11110101 11111111
11111111 11111111 00110010 00000000 00000000 00000000
01000011 00000000 00000000 00000000 00010010 00000000
00000000 00000000 11000110 11111111 11111111 11111111
01001100 00000000 00000000 00000000 00011110 00000000
00000000 00000000 00101101 00000000 00000000 00000000
00100000 00000000 00000000 00000000 00011001 00000000
00000000 00000000 10110111 11111111 11111111 11111111
00111001 00000000 00000000 00000000 10111101 11111111
11111111 11111111 11110010 11111111 11111111 11111111
00110101 00000000 00000000 00000000 11011111 11111111
11111111 11111111 01100010 00000000 00000000 00000000
10101010 11111111 11111111 11111111 11000001 11111111
11111111 11111111 01010000 00000000 00000000 00000000
11010011 11111111 11111111 11111111 10101000 11111111
11111111 11111111 01010000 00000000 00000000 00000000
11000000 11111111 11111111 11111111 00111010 00000000
00000000 00000000 10101100 11111111 11111111 11111111
11001001 11111111 11111111 11111111 11011001 11111111
11111111 11111111 11110011 11111111 11111111 11111111
11100101 11111111 11111111 11111111 11011011 11111111
11111111 11111111 00001000 00000000 00000000 00000000
10100000 11111111 11111111 11111111 01010100 00000000
00000000 00000000 10100111 11111111 11111111 11111111
00011111 00000000 00000000 00000000 10101110 11111111
11111111 11111111 00111010 00000000 00000000 00000000
01010001 00000000 00000000 00000000 11010111 11111111
11111111 11111111 11000110 11111111 11111111 11111111
00100100 00000000 00000000 00000000 01001100 00000000
00000000 00000000 10110001 11111111 11111111 11111111
11100011 11111111 11111111 11111111 00010111 00000000
00000000 00000000 01010110 00000000 00000000 00000000
11010010 11111111 11111111 11111111 00010000 00000000
00000000 00000000 11101110 11111111 11111111 11111111
01010001 00000000 00000000 00000000 01011010 00000000
00000000 00000000 00100011 00000000 00000000 00000000
10100110 11111111 11111111 11111111 00101011 00000000
00000000 00000000 00110111 00000000 00000000 00000000
11011010 11111111 11111111 11111111 11101101 11111111
11111111 11111111 11011000 11111111 11111111 11111111
01010010 00000000 00000000 00000000 10110100 11111111
11111111 11111111 00111001 00000000 00000000 00000000
11100011 11111111 11111111 11111111 11111110 11111111
11111111 11111111 01001111 00000000 00000000 00000000
11010000 11111111 11111111 11111111 11011011 11111010
11111111 11111111 10001011 00101000 00000000 00000000
01000011 11101001 11111111 11111111 00001110 11001000
11111111 11111111 00010110 11101111 11111111 11111111
11010110 11110011 11111111 11111111 00101100 11011001
11111111 11111111 01111001 00011011 00000000 00000000
10100101 11111000 11111111 11111111 01110101 11101000
11111111 11111111 00110110 10100001 11111111 11111111
10100011 11111100 11111111 11111111 11001100 00001111
00000000 00000000 10010000 10110010 11111111 11111111
00100001 11111111 11111111 11111111 01110110 00000011
00000000 00000000 00101100 11010001 11111111 11111111
11010110 11100110 11111111 11111111 11101010 11001001
11111111 11111111 11100010 11111011 11111111 11111111
00110111 00100110 00000000 00000000 01011111 11100100
11111111 11111111 01101010 11111100 11111111 11111111
11101001 11101000 11111111 11111111 00111001 11111100
11111111 11111111 01000100 11100100 11111111 11111111
00001101 00111001 00000000 00000000 01111100 11100010
11111111 11111111 10010001 11110010 11111111 11111111
10000111 00100101 00000000 00000000 01101100 00111110
00000000 00000000 11111000 11111101 11111111 11111111
00001111 11001100 11111111 11111111 11000011 00111010
00000000 00000000 00101001 00011000 00000000 00000000
10111010 11110001 11111111 11111111 00101101 00000101
00000000 00000000 01100001 00010000 00000000 00000000
00011101 01000010 00000000 00000000 10011111 10111010
11111111 11111111 00000110 00001010 00000000 00000000
01110011 00001100 00000000 00000000 00001000 00101000
00000000 00000000 11110101 00011110 00000000 00000000
10101110 00011000 00000000 00000000 10001101 00000101
00000000 00000000 00111000 00111001 00000000 00000000
10111100 00000010 00000000 00000000 01011111 11010000
11111111 11111111 00111011 00000100 00000000 00000000
11000101 11001110 11111111 11111111 00111110 01001010
00000000 00000000 11011000 01010001 00000000 00000000
10100111 01001000 00000000 00000000 11111101 11111001
11111111 11111111 01000000 00010100 00000000 00000000
00000000 01000100 00000000 00000000 01010100 00011010
00000000 00000000 01111000 00011000 00000000 00000000
00001010 00111011 00000000 00000000 01010101 11001110
11111111 11111111 00010001 00111011 00000000 00000000
11101011 00100110 00000000 00000000 01101011 11001010
11111111 11111111 01101011 00001001 00000000 00000000
01101100 11110111 11111111 11111111 00000011 00011000
00000000 00000000 01011110 11111001 11111111 11111111
11000011 11110010 11111111 11111111 00001000 00100000
00000000 00000000 11000001 10110101 11111111 11111111
10000001 00110000 00000000 00000000 01011011 00010110
00000000 00000000 11010011 11010011 11111111 11111111
11010110 10110100 11111111 11111111 01111100 00111101
00000000 00000000 00110001 11110001 11111111 11111111
10010011 11110000 11111111 11111111 10110110 11001100
11111111 11111111 11101011 11111111 11111111 11111111
11110011 11001110 11111111 11111111 10101110 11101000
11111111 11111111 11001110 11010010 11111111 11111111
00110111 11011101 11111111 11111111 11000011 00101111
00000000 00000000 10000110 00011110 00000000 00000000
00011010 11101100 11111111 11111111 10110100 00010001
00000000 00000000 00101111 00000100 00000000 00000000
11100011 11111010 11111111 11111111 01110101 11110100
11111111 11111111 10100101 00100100 00000000 00000000
11100100 00011000 00000000 00000000 00001110 11100101
11111111 11111111 10011101 00100011 00000000 00000000
01111001 00010110 00000000 00000000 00101010 01010001
00000000 00000000 01001011 11101100 11111111 11111111
00010111 00000100 00000000 00000000 01010010 00101111
00000000 00000000
