00010011 00000100 00000000 00000000 00010111 10010001
00000000 00000000 00010011 00000001 11000001 11111111
11101111 00000000 01000000 00100001 00010011 00000001
00000001 11111110 00100011 00111100 00010001 00000000
00100011 00111000 10000001 00000000 00010011 00000100
00000001 00000010 10010011 00000111 00000101 00000000
10100011 00000111 11110100 11111110 10000011 01000111
11110100 11111110 10010011 11000111 00010111 00000000
10010011 11110111 11110111 00001111 01100011 10000110
00000111 00000000 00010011 00000101 00010000 00000000
11101111 00000000 00000000 00011100 00010011 00000000
00000000 00000000 10000011 00110000 10000001 00000001
00000011 00110100 00000001 00000001 00010011 00000001
00000001 00000010 01100111 10000000 00000000 00000000
00010011 00000001 00000001 11111110 00100011 00111100
00010001 00000000 00100011 00111000 10000001 00000000
00010011 00000100 00000001 00000010 10010111 00000111
00000000 00000000 10010011 10000111 01000111 00100111
00010011 00000111 00010000 00000000 00100011 10100010
11100111 00000000 10010111 00000111 00000000 00000000
10010011 10000111 01000111 00100110 00000011 10100111
01000111 00000000 10010111 00000111 00000000 00000000
10010011 10000111 10000111 00100101 00100011 10100000
11100111 00000000 10010011 00000111 00100000 00000000
00100011 00100110 11110100 11111110 01101111 00000000
01000000 00001011 10010011 00000111 00010000 00000000
00100011 00100010 11110100 11111110 10010011 00000111
00010000 00000000 00100011 00100100 11110100 11111110
01101111 00000000 00000000 00000110 00010111 00000111
00000000 00000000 00010011 00000111 11000111 00100010
10000011 00100111 10000100 11111110 10010011 10010111
00100111 00000000 10110011 00000111 11110111 00000000
10000011 10100111 00000111 00000000 00100011 00100000
11110100 11111110 10000011 00100111 01000100 11111110
00010011 10000111 00000111 00000000 10000011 00100111
00000100 11111110 10111011 00000111 11110111 00000000
00011011 10000111 00000111 00000000 10010111 00000110
00000000 00000000 10010011 10000110 11000110 00011111
10000011 00100111 10000100 11111110 10010011 10010111
00100111 00000000 10110011 10000111 11110110 00000000
00100011 10100000 11100111 00000000 10000011 00100111
00000100 11111110 00100011 00100010 11110100 11111110
10000011 00100111 10000100 11111110 10011011 10000111
00010111 00000000 00100011 00100100 11110100 11111110
10000011 00100111 10000100 11111110 00010011 10000111
00000111 00000000 10000011 00100111 11000100 11111110
00011011 00000111 00000111 00000000 10011011 10000111
00000111 00000000 11100011 01001000 11110111 11111000
00010111 00000111 00000000 00000000 00010011 00000111
10000111 00011011 10000011 00100111 11000100 11111110
10010011 10010111 00100111 00000000 10110011 00000111
11110111 00000000 00010011 00000111 00010000 00000000
00100011 10100000 11100111 00000000 10000011 00100111
11000100 11111110 10011011 10000111 00010111 00000000
00100011 00100110 11110100 11111110 10000011 00100111
11000100 11111110 00011011 10000111 00000111 00000000
10010011 00000111 11100000 00000001 11100011 11010010
11100111 11110100 00100011 00100100 00000100 11111110
01101111 00000000 10000000 00000101 00010111 00000111
00000000 00000000 00010011 00000111 10000111 00010111
10000011 00100111 10000100 11111110 10010011 10010111
00100111 00000000 10110011 00000111 11110111 00000000
10000011 10100110 00000111 00000000 00010111 00000111
00000000 00000000 00010011 00000111 00000111 00001110
10000011 00100111 10000100 11111110 10010011 10010111
00100111 00000000 10110011 00000111 11110111 00000000
10000011 10100111 00000111 00000000 00010011 10000111
00000110 00000000 10110011 00000111 11110111 01000000
10010011 10110111 00010111 00000000 10010011 11110111
11110111 00001111 00010011 10000101 00000111 00000000
11101111 11110000 11011111 11100110 10000011 00100111
10000100 11111110 10011011 10000111 00010111 00000000
00100011 00100100 11110100 11111110 10000011 00100111
10000100 11111110 00011011 10000111 00000111 00000000
10010011 00000111 11100000 00000001 11100011 11010000
11100111 11111010 10000011 00100111 10000100 11111110
00011011 10000111 00000111 00000000 10010011 00000111
11110000 00000001 10110011 00000111 11110111 01000000
10010011 10110111 00010111 00000000 10010011 11110111
11110111 00001111 00010011 10000101 00000111 00000000
11101111 11110000 00011111 11100011 10010011 00000111
00000000 00000000 00010011 10000101 00000111 00000000
10000011 00110000 10000001 00000001 00000011 00110100
00000001 00000001 00010011 00000001 00000001 00000010
01100111 10000000 00000000 00000000 00010011 00000001
00000001 11111110 00100011 00111100 10000001 00000000
00010011 00000100 00000001 00000010 10010011 00000111
00000101 00000000 00100011 00100110 11110100 11111110
10000011 00100111 11000100 11111110 00010011 10000101
00000111 00000000 01110011 00000000 00010000 00000000
01101111 00000000 00000000 00000000 00010011 00000001
00000001 11111110 00100011 00111100 00010001 00000000
00100011 00111000 10000001 00000000 00010011 00000100
00000001 00000010 00010111 00000101 00000000 00000000
00010011 00000101 00000101 00000010 11101111 11110000
11011111 11100001 10010011 00000111 00000101 00000000
00100011 00100110 11110100 11111110 10000011 00100111
11000100 11111110 00010011 10000101 00000111 00000000
11101111 11110000 00011111 11111011 00000000 00000000
00000000 00000000 00000000 00000000 00000000 00000000
00000001 00000000 00000000 00000000 00011110 00000000
00000000 00000000 10110011 00000001 00000000 00000000
11011100 00001111 00000000 00000000 00001101 01101011
00000000 00000000 10101010 00101100 00000010 00000000
01101111 00001111 00001001 00000000 01011000 00010000
00011111 00000000 11111101 01001110 01011001 00000000
01001110 01001111 11011010 00000000 01010111 01110011
11001010 00000001 11100100 10001011 01000001 00000011
00101001 11001000 00100111 00000101 11101010 01100011
00100011 00000111 01010011 11111001 10101010 00001000
11010000 11100111 00111110 00001001 01010011 11111001
10101010 00001000 11101010 01100011 00100011 00000111
00101001 11001000 00100111 00000101 11100100 10001011
01000001 00000011 01010111 01110011 11001010 00000001
01001110 01001111 11011010 00000000 11111101 01001110
01011001 00000000 01011000 00010000 00011111 00000000
01101111 00001111 00001001 00000000 10101010 00101100
00000010 00000000 00001101 01101011 00000000 00000000
11011100 00001111 00000000 00000000 10110011 00000001
00000000 00000000 00011110 00000000 00000000 00000000
00000001 00000000 00000000 00000000
