00010011 00000100 00000000 00000000 00010111 10010001
00000000 00000000 00010011 00000001 11000001 11111111
11101111 00000000 00000000 01001101 00010011 00000001
00000001 11111110 00100011 00111100 00010001 00000000
00100011 00111000 10000001 00000000 00010011 00000100
00000001 00000010 10010011 00000111 00000101 00000000
10100011 00000111 11110100 11111110 10000011 01000111
11110100 11111110 10010011 11000111 00010111 00000000
10010011 11110111 11110111 00001111 01100011 10000110
00000111 00000000 00010011 00000101 00010000 00000000
11101111 00000000 11000000 01000111 00010011 00000000
00000000 00000000 10000011 00110000 10000001 00000001
00000011 00110100 00000001 00000001 00010011 00000001
00000001 00000010 01100111 10000000 00000000 00000000
00010011 00000001 00000001 11111110 00100011 00111100
00010001 00000000 00100011 00111000 10000001 00000000
00010011 00000100 00000001 00000010 10010011 00000111
00000101 00000000 00010011 10000111 00000101 00000000
00100011 00100110 11110100 11111110 10010011 00000111
00000111 00000000 00100011 00100100 11110100 11111110
10010111 00000111 00000000 00000000 10010011 10000111
00000111 01001101 00000011 10100111 00000111 00000000
10000011 00100111 10000100 11111110 10011011 10000111
00000111 00000000 01100011 01011010 11110111 00000000
10010111 00000111 00000000 00000000 10010011 10000111
10000111 01001011 00000011 00100111 10000100 11111110
00100011 10100000 11100111 00000000 10010111 00000111
00000000 00000000 10010011 10000111 01000111 01001010
10000011 10100111 00000111 00000000 10011011 10000111
00010111 00000000 00011011 10000111 00000111 00000000
10010111 00000111 00000000 00000000 10010011 10000111
00000111 01001001 00100011 10100000 11100111 00000000
10000011 00100111 11000100 11111110 10011011 10000111
00000111 00000000 01100011 01010010 11110000 00000100
10010111 00000111 00000000 00000000 10010011 10000111
11000111 01000100 10000011 10110111 10000111 00000001
00000011 00100111 11000100 11111110 10010011 00000110
00000111 00000000 00010011 00000111 00110000 00000000
00111011 11000111 11100110 00000010 00011011 00000111
00000111 00000000 10000011 00100110 10000100 11111110
10011011 10000110 00010110 00000000 10011011 10000110
00000110 00000000 10010011 10000101 00000110 00000000
00010011 00000101 00000111 00000000 11100111 10000000
00000111 00000000 10010011 00000111 00000101 00000000
01101111 00000000 10000000 00000000 10010011 00000111
00010000 00000000 00010011 10000101 00000111 00000000
10000011 00110000 10000001 00000001 00000011 00110100
00000001 00000001 00010011 00000001 00000001 00000010
01100111 10000000 00000000 00000000 00010011 00000001
00000001 11111110 00100011 00111100 00010001 00000000
00100011 00111000 10000001 00000000 00010011 00000100
00000001 00000010 10010011 00000111 00000101 00000000
00010011 10000111 00000101 00000000 00100011 00100110
11110100 11111110 10010011 00000111 00000111 00000000
00100011 00100100 11110100 11111110 10010111 00000111
00000000 00000000 10010011 10000111 00000111 01000000
00000011 10100111 00000111 00000000 10000011 00100111
10000100 11111110 10011011 10000111 00000111 00000000
01100011 01011010 11110111 00000000 10010111 00000111
00000000 00000000 10010011 10000111 10000111 00111110
00000011 00100111 10000100 11111110 00100011 10100000
11100111 00000000 10010111 00000111 00000000 00000000
10010011 10000111 01000111 00111101 10000011 10100111
00000111 00000000 10011011 10000111 00010111 00000000
00011011 10000111 00000111 00000000 10010111 00000111
00000000 00000000 10010011 10000111 00000111 00111100
00100011 10100000 11100111 00000000 10000011 00100111
11000100 11111110 10011011 10000111 00000111 00000000
01100011 01011110 11110000 00000010 10010111 00000111
00000000 00000000 10010011 10000111 11000111 00110111
10000011 10110111 00000111 00000000 00000011 00100111
11000100 11111110 00011011 00000111 11110111 11111111
00011011 00000111 00000111 00000000 10000011 00100110
10000100 11111110 10011011 10000110 00010110 00000000
10011011 10000110 00000110 00000000 10010011 10000101
00000110 00000000 00010011 00000101 00000111 00000000
11100111 10000000 00000111 00000000 10010011 00000111
00000101 00000000 01101111 00000000 10000000 00000000
10010011 00000111 00010000 00000000 00010011 10000101
00000111 00000000 10000011 00110000 10000001 00000001
00000011 00110100 00000001 00000001 00010011 00000001
00000001 00000010 01100111 10000000 00000000 00000000
00010011 00000001 00000001 11111110 00100011 00111100
00010001 00000000 00100011 00111000 10000001 00000000
00010011 00000100 00000001 00000010 10010011 00000111
00000101 00000000 00010011 10000111 00000101 00000000
00100011 00100110 11110100 11111110 10010011 00000111
00000111 00000000 00100011 00100100 11110100 11111110
10010111 00000111 00000000 00000000 10010011 10000111
10000111 00110011 00000011 10100111 00000111 00000000
10000011 00100111 10000100 11111110 10011011 10000111
00000111 00000000 01100011 01011010 11110111 00000000
10010111 00000111 00000000 00000000 10010011 10000111
00000111 00110010 00000011 00100111 10000100 11111110
00100011 10100000 11100111 00000000 10010111 00000111
00000000 00000000 10010011 10000111 11000111 00110000
10000011 10100111 00000111 00000000 10011011 10000111
00010111 00000000 00011011 10000111 00000111 00000000
10010111 00000111 00000000 00000000 10010011 10000111
10000111 00101111 00100011 10100000 11100111 00000000
10000011 00100111 11000100 11111110 10011011 10000111
00000111 00000000 01100011 01011110 11110000 00000010
10010111 00000111 00000000 00000000 10010011 10000111
01000111 00101011 10000011 10110111 10000111 00000000
00000011 00100111 10000100 11111110 00011011 00000111
00010111 00000000 10011011 00000110 00000111 00000000
00000011 00100111 11000100 11111110 10010011 10000101
00000110 00000000 00010011 00000101 00000111 00000000
11100111 10000000 00000111 00000000 10010011 00000111
00000101 00000000 10011011 10000111 10010111 00000000
10011011 10000111 00000111 00000000 01101111 00000000
10000000 00000000 10010011 00000111 00010000 00000000
00010011 10000101 00000111 00000000 10000011 00110000
10000001 00000001 00000011 00110100 00000001 00000001
00010011 00000001 00000001 00000010 01100111 10000000
00000000 00000000 00010011 00000001 00000001 11111101
00100011 00110100 00010001 00000010 00100011 00110000
10000001 00000010 00100011 00111100 10010001 00000000
00010011 00000100 00000001 00000011 10010011 00000111
00000101 00000000 00010011 10000111 00000101 00000000
00100011 00101110 11110100 11111100 10010011 00000111
00000111 00000000 00100011 00101100 11110100 11111100
10010111 00000111 00000000 00000000 10010011 10000111
11000111 00100110 00000011 10100111 00000111 00000000
10000011 00100111 10000100 11111101 10011011 10000111
00000111 00000000 01100011 01011010 11110111 00000000
10010111 00000111 00000000 00000000 10010011 10000111
01000111 00100101 00000011 00100111 10000100 11111101
00100011 10100000 11100111 00000000 10010111 00000111
00000000 00000000 10010011 10000111 00000111 00100100
10000011 10100111 00000111 00000000 10011011 10000111
00010111 00000000 00011011 10000111 00000111 00000000
10010111 00000111 00000000 00000000 10010011 10000111
11000111 00100010 00100011 10100000 11100111 00000000
10000011 00100111 11000100 11111101 10011011 10000111
00000111 00000000 01100011 01010010 11110000 00001010
10010111 00000111 00000000 00000000 10010011 10000111
10000111 00011110 00000011 10110111 00000111 00000001
10000011 00100111 11000100 11111101 10011011 11010110
11110111 00000001 10111011 10000111 11110110 00000000
10011011 11010111 00010111 01000000 10011011 10000111
00000111 00000000 10000011 00100110 10000100 11111101
10011011 10000110 00010110 00000000 10011011 10000110
00000110 00000000 10010011 10000101 00000110 00000000
00010011 10000101 00000111 00000000 11100111 00000000
00000111 00000000 10010011 00000111 00000101 00000000
00010011 10000111 00000111 00000000 10010011 00000111
00000111 00000000 10011011 10010111 00010111 00000000
10111011 10000111 11100111 00000000 10011011 10000100
00000111 00000000 10010111 00000111 00000000 00000000
10010011 10000111 10000111 00011001 00000011 10110111
00000111 00000001 10000011 00100111 11000100 11111101
10011011 11010110 11110111 00000001 10111011 10000111
11110110 00000000 10011011 11010111 00010111 01000000
10011011 10000111 00000111 00000000 10000011 00100110
10000100 11111101 10011011 10000110 00010110 00000000
10011011 10000110 00000110 00000000 10010011 10000101
00000110 00000000 00010011 10000101 00000111 00000000
11100111 00000000 00000111 00000000 10010011 00000111
00000101 00000000 10011011 10010111 00010111 00000000
10011011 10000111 00000111 00000000 10111011 10000111
11110100 00000000 10011011 10000111 00000111 00000000
01101111 00000000 10000000 00000000 10010011 00000111
00010000 00000000 00010011 10000101 00000111 00000000
10000011 00110000 10000001 00000010 00000011 00110100
00000001 00000010 10000011 00110100 10000001 00000001
00010011 00000001 00000001 00000011 01100111 10000000
00000000 00000000 00010011 00000001 00000001 11111110
00100011 00111100 00010001 00000000 00100011 00111000
10000001 00000000 00010011 00000100 00000001 00000010
10010111 00000111 00000000 00000000 10010011 10000111
11000111 00010001 10000011 10110111 00000111 00000000
10010011 00000101 00000000 00000000 00110111 01000111
00000000 00000000 00010011 00000101 00110111 10000010
11100111 10000000 00000111 00000000 10010011 00000111
00000101 00000000 00100011 00100110 11110100 11111110
10010111 00000111 00000000 00000000 10010011 10000111
10000111 00010001 00000011 10100111 00000111 00000000
10000011 00100111 11000100 11111110 10011011 10000111
00000111 00000000 10110011 10000111 11100111 01000000
10010011 10110111 00010111 00000000 10010011 11110111
11110111 00001111 00010011 10000101 00000111 00000000
11101111 11110000 11011111 10111100 10010111 00000111
00000000 00000000 10010011 10000111 00000111 00001111
00000011 10100111 01000111 00000000 10010111 00000111
00000000 00000000 10010011 10000111 00000111 00001111
10000011 10100111 00000111 00000000 10110011 00000111
11110111 01000000 10010011 10110111 00010111 00000000
10010011 11110111 11110111 00001111 00010011 10000101
00000111 00000000 11101111 11110000 00011111 10111010
10010111 00000111 00000000 00000000 10010011 10000111
01000111 00001100 00000011 10100111 10000111 00000000
10010111 00000111 00000000 00000000 10010011 10000111
10000111 00001100 10000011 10100111 00000111 00000000
10110011 00000111 11110111 01000000 10010011 10110111
00010111 00000000 10010011 11110111 11110111 00001111
00010011 10000101 00000111 00000000 11101111 11110000
01011111 10110111 10010011 00000111 00000000 00000000
00010011 10000101 00000111 00000000 10000011 00110000
10000001 00000001 00000011 00110100 00000001 00000001
00010011 00000001 00000001 00000010 01100111 10000000
00000000 00000000 00010011 00000001 00000001 11111110
00100011 00111100 10000001 00000000 00010011 00000100
00000001 00000010 10010011 00000111 00000101 00000000
00100011 00100110 11110100 11111110 10000011 00100111
11000100 11111110 00010011 10000101 00000111 00000000
01110011 00000000 00010000 00000000 01101111 00000000
00000000 00000000 00010011 00000001 00000001 11111110
00100011 00111100 00010001 00000000 00100011 00111000
10000001 00000000 00010011 00000100 00000001 00000010
00010111 00000101 00000000 00000000 00010011 00000101
01000101 00000010 11101111 11110000 10011111 11101111
10010011 00000111 00000101 00000000 00100011 00100110
11110100 11111110 10000011 00100111 11000100 11111110
00010011 10000101 00000111 00000000 11101111 11110000
00011111 11111011 00000000 00000000 00000000 00000000
00000000 00000000 00000000 00000000 00000000 00000000
00000000 00000000 01010100 00000000 00000000 10000000
00000000 00000000 00000000 00000000 00100100 00000001
00000000 10000000 00000000 00000000 00000000 00000000
11101100 00000001 00000000 10000000 00000000 00000000
00000000 00000000 10110100 00000010 00000000 10000000
00000000 00000000 00000000 00000000 01111110 10010101
00000000 00000000 11011010 00000000 00000000 00000000
00010100 00000000 00000000 00000000
