00010011 00000100 00000000 00000000 00010111 10010001
00000000 00000000 00010011 00000001 11000001 11111111
11101111 00000000 00000000 00100001 00010011 00000001
00000001 11111110 00100011 00111100 00010001 00000000
00100011 00111000 10000001 00000000 00010011 00000100
00000001 00000010 10010011 00000111 00000101 00000000
10100011 00000111 11110100 11111110 10000011 01000111
11110100 11111110 10010011 11000111 00010111 00000000
10010011 11110111 11110111 00001111 01100011 10000110
00000111 00000000 00010011 00000101 00010000 00000000
11101111 00000000 11000000 00011011 00010011 00000000
00000000 00000000 10000011 00110000 10000001 00000001
00000011 00110100 00000001 00000001 00010011 00000001
00000001 00000010 01100111 10000000 00000000 00000000
00010011 00000001 00000001 11111110 00100011 00111100
00010001 00000000 00100011 00111000 10000001 00000000
00010011 00000100 00000001 00000010 00100011 00100110
00000100 11111110 01101111 00000000 00000000 00000110
00010111 00000111 00000000 00000000 00010011 00000111
11000111 00011110 10000011 01100111 11000100 11111110
10010011 10010111 00100111 00000000 10110011 00000111
11110111 00000000 10000011 10100111 00000111 00000000
10011011 11010111 01110111 00000000 10011011 10000110
00000111 00000000 00010111 00000111 00000000 00000000
00010011 00000111 11000111 00011110 10000011 01100111
11000100 11111110 10010011 10010111 00100111 00000000
10110011 00000111 11110111 00000000 10000011 10100111
00000111 00000000 00010011 10000111 00000110 00000000
10110011 00000111 11110111 01000000 10010011 10110111
00010111 00000000 10010011 11110111 11110111 00001111
00010011 10000101 00000111 00000000 11101111 11110000
10011111 11110101 10000011 00100111 11000100 11111110
10011011 10000111 00010111 00000000 00100011 00100110
11110100 11111110 10000011 00100111 11000100 11111110
00011011 10000111 00000111 00000000 10010011 00000111
01110000 00000000 11100011 11111100 11100111 11111000
00100011 00100110 00000100 11111110 01101111 00000000
01000000 00000111 00010111 00000111 00000000 00000000
00010011 00000111 10000111 00010111 10000011 01100111
11000100 11111110 10010011 10010111 00100111 00000000
10110011 00000111 11110111 00000000 10000011 10100111
00000111 00000000 00011011 10000111 00000111 00000000
10000011 00100111 11000100 11111110 10011011 10000111
01000111 00000000 10011011 10000111 00000111 00000000
10111011 01010111 11110111 01000000 10011011 10000111
00000111 00000000 10011011 10000110 00000111 00000000
00010111 00000111 00000000 00000000 00010011 00000111
01000111 00011010 10000011 01100111 11000100 11111110
10010011 10010111 00100111 00000000 10110011 00000111
11110111 00000000 10000011 10100111 00000111 00000000
00010011 10000111 00000110 00000000 10110011 00000111
11110111 01000000 10010011 10110111 00010111 00000000
10010011 11110111 11110111 00001111 00010011 10000101
00000111 00000000 11101111 11110000 00011111 11101101
10000011 00100111 11000100 11111110 10011011 10000111
00010111 00000000 00100011 00100110 11110100 11111110
10000011 00100111 11000100 11111110 00011011 10000111
00000111 00000000 10010011 00000111 01110000 00000000
11100011 11110010 11100111 11111000 00100011 00100110
00000100 11111110 01101111 00000000 11000000 00000110
00010111 00000111 00000000 00000000 00010011 00000111
00000111 00001111 10000011 01100111 11000100 11111110
10010011 10010111 00100111 00000000 10110011 00000111
11110111 00000000 10000011 10100111 00000111 00000000
00000011 00100111 11000100 11111110 00011011 00000111
01000111 00000000 00011011 00000111 00000111 00000000
10111011 11010111 11100111 00000000 10011011 10000110
00000111 00000000 00010111 00000111 00000000 00000000
00010011 00000111 01000111 00010000 10000011 01100111
11000100 11111110 10010011 10010111 00100111 00000000
10110011 00000111 11110111 00000000 10000011 10100111
00000111 00000000 00010011 10000111 00000110 00000000
10110011 00000111 11110111 01000000 10010011 10110111
00010111 00000000 10010011 11110111 11110111 00001111
00010011 10000101 00000111 00000000 11101111 11110000
00011111 11100101 10000011 00100111 11000100 11111110
10011011 10000111 00010111 00000000 00100011 00100110
11110100 11111110 10000011 00100111 11000100 11111110
00011011 10000111 00000111 00000000 10010011 00000111
01110000 00000000 11100011 11110110 11100111 11111000
10010011 00000111 00000000 00000000 00010011 10000101
00000111 00000000 10000011 00110000 10000001 00000001
00000011 00110100 00000001 00000001 00010011 00000001
00000001 00000010 01100111 10000000 00000000 00000000
00010011 00000001 00000001 11111110 00100011 00111100
10000001 00000000 00010011 00000100 00000001 00000010
10010011 00000111 00000101 00000000 00100011 00100110
11110100 11111110 10000011 00100111 11000100 11111110
00010011 10000101 00000111 00000000 01110011 00000000
00010000 00000000 01101111 00000000 00000000 00000000
00010011 00000001 00000001 11111110 00100011 00111100
00010001 00000000 00100011 00111000 10000001 00000000
00010011 00000100 00000001 00000010 00010111 00000101
00000000 00000000 00010011 00000101 01000101 00000010
11101111 11110000 00011111 11100010 10010011 00000111
00000101 00000000 00100011 00100110 11110100 11111110
10000011 00100111 11000100 11111110 00010011 10000101
00000111 00000000 11101111 11110000 00011111 11111011
00000000 00000000 00000000 00000000 00000000 00000000
00000000 00000000 00000000 00000000 00000000 00000000
01111000 01010110 00110100 00010010 00110010 01010100
01110110 10011000 00000000 00000000 00000000 00000000
00000000 00010000 11111010 11101111 11111111 11111111
11111111 01111111 00000000 00000000 00000000 10000000
00110011 00000000 00000000 00000000 11111111 11111111
11111111 11111111 10101100 01101000 00100100 00000000
10101000 11101100 00110000 00000001 00000000 00000000
00000000 00000000 00100000 11110100 11011111 00000001
11111111 11111111 11111111 00000000 00000000 00000000
00000000 00000001 00000000 00000000 00000000 00000000
11111111 11111111 11111111 00000001 01100111 01000101
00100011 00000001 10100001 10110010 11000011 00000100
00000000 00000000 00000000 00000000 00100000 11110100
11011111 00000001 11111111 11111111 01111111 00000000
00000000 00000000 01000000 00000000 00000000 00000000
00000000 00000000 11111111 11111111 00011111 00000000
01100111 01000101 00100011 00000001 10100001 10110010
11000011 11111100 00000000 00000000 00000000 00000000
00100000 11110100 11011111 11111111 11111111 11111111
01111111 00000000 00000000 00000000 11000000 11111111
00000000 00000000 00000000 00000000 11111111 11111111
11111111 11111111
