00010011 00000100 00000000 00000000 00010111 10010001
00000000 00000000 00010011 00000001 11000001 11111111
11101111 00000000 11000000 00010101 00010011 00000001
00000001 11111110 00100011 00111100 00010001 00000000
00100011 00111000 10000001 00000000 00010011 00000100
00000001 00000010 10010011 00000111 00000101 00000000
10100011 00000111 11110100 11111110 10000011 01000111
11110100 11111110 10010011 11000111 00010111 00000000
10010011 11110111 11110111 00001111 01100011 10000110
00000111 00000000 00010011 00000101 00010000 00000000
11101111 00000000 10000000 00010000 00010011 00000000
00000000 00000000 10000011 00110000 10000001 00000001
00000011 00110100 00000001 00000001 00010011 00000001
00000001 00000010 01100111 10000000 00000000 00000000
00010011 00000001 00000001 11111110 00100011 00111100
10000001 00000000 00010011 00000100 00000001 00000010
10010011 00000111 00000101 00000000 10100011 00000111
11110100 11111110 10000011 01000111 11110100 11111110
00010011 11110111 11110111 00001111 10010011 00000111
00000000 00000100 01100011 11110010 11100111 00000010
10000011 01000111 11110100 11111110 00010011 11110111
11110111 00001111 10010011 00000111 10100000 00000101
01100011 11101010 11100111 00000000 10000011 01000111
11110100 11111110 10011011 10000111 00000111 00000010
10010011 11110111 11110111 00001111 01101111 00000000
10000000 00000000 10000011 01000111 11110100 11111110
00010011 10000101 00000111 00000000 00000011 00110100
10000001 00000001 00010011 00000001 00000001 00000010
01100111 10000000 00000000 00000000 00010011 00000001
00000001 11111110 00100011 00111100 00010001 00000000
00100011 00111000 10000001 00000000 00010011 00000100
00000001 00000010 00100011 00100110 00000100 11111110
01101111 00000000 11000000 00000101 10000011 00100111
11000100 11111110 10010011 11110111 11110111 00001111
00010011 10000101 00000111 00000000 11101111 11110000
01011111 11111000 10010011 00000111 00000101 00000000
10010011 10000110 00000111 00000000 00010111 00000111
00000000 00000000 00010011 00000111 01000111 00001100
10000011 00100111 11000100 11111110 10110011 00000111
11110111 00000000 10000011 11000111 00000111 00000000
10010011 11110111 11110111 00001111 00011011 10000111
00000110 00000000 10011011 10000111 00000111 00000000
10110011 00000111 11110111 01000000 10010011 10110111
00010111 00000000 10010011 11110111 11110111 00001111
00010011 10000101 00000111 00000000 11101111 11110000
01011111 11110000 10000011 00100111 11000100 11111110
10011011 10000111 00010111 00000000 00100011 00100110
11110100 11111110 10000011 00100111 11000100 11111110
00011011 10000111 00000111 00000000 10010011 00000111
11110000 00000111 11100011 11011110 11100111 11111000
10010011 00000111 00000000 00000000 00010011 10000101
00000111 00000000 10000011 00110000 10000001 00000001
00000011 00110100 00000001 00000001 00010011 00000001
00000001 00000010 01100111 10000000 00000000 00000000
00010011 00000001 00000001 11111110 00100011 00111100
10000001 00000000 00010011 00000100 00000001 00000010
10010011 00000111 00000101 00000000 00100011 00100110
11110100 11111110 10000011 00100111 11000100 11111110
00010011 10000101 00000111 00000000 01110011 00000000
00010000 00000000 01101111 00000000 00000000 00000000
00010011 00000001 00000001 11111110 00100011 00111100
00010001 00000000 00100011 00111000 10000001 00000000
00010011 00000100 00000001 00000010 00010111 00000101
00000000 00000000 00010011 00000101 00000101 00000010
11101111 11110000 11011111 11110010 10010011 00000111
00000101 00000000 00100011 00100110 11110100 11111110
10000011 00100111 11000100 11111110 00010011 10000101
00000111 00000000 11101111 11110000 00011111 11111011
00000000 00000000 00000000 00000000 00000000 00000000
00000000 00000000 00000000 00000001 00000010 00000011
00000100 00000101 00000110 00000111 00001000 00001001
00001010 00001011 00001100 00001101 00001110 00001111
00010000 00010001 00010010 00010011 00010100 00010101
00010110 00010111 00011000 00011001 00011010 00011011
00011100 00011101 00011110 00011111 00100000 00100001
00100010 00100011 00100100 00100101 00100110 00100111
00101000 00101001 00101010 00101011 00101100 00101101
00101110 00101111 00110000 00110001 00110010 00110011
00110100 00110101 00110110 00110111 00111000 00111001
00111010 00111011 00111100 00111101 00111110 00111111
01000000 01100001 01100010 01100011 01100100 01100101
01100110 01100111 01101000 01101001 01101010 01101011
01101100 01101101 01101110 01101111 01110000 01110001
01110010 01110011 01110100 01110101 01110110 01110111
01111000 01111001 01111010 01011011 01011100 01011101
01011110 01011111 01100000 01100001 01100010 01100011
01100100 01100101 01100110 01100111 01101000 01101001
01101010 01101011 01101100 01101101 01101110 01101111
01110000 01110001 01110010 01110011 01110100 01110101
01110110 01110111 01111000 01111001 01111010 01111011
01111100 01111101 01111110 01111111
